<?xml version="1.0" encoding="utf-8"?>
<COLLADA xmlns="http://www.collada.org/2005/11/COLLADASchema" version="1.4.1">
  <asset><contributor><author>Mixamo</author><authoring_tool>COLLADA Mixamo exporter</authoring_tool><comments></comments></contributor><created>2018-10-23T22:01:18Z</created><modified>2018-10-23T22:01:18Z</modified><revision></revision><title></title><unit meter="0.010000"/><up_axis>Y_UP</up_axis></asset>
  <library_animations>
    <animation id="Hips-anim" name="Hips"><source id="Hips-Matrix-animation-input"><float_array id="Hips-Matrix-animation-input-array" count="66">

0.000000 0.033333 0.066667 0.100000 0.133333 0.166667 0.200000 0.233333 0.266667 0.300000 0.333333 0.366667 0.400000 0.433333 0.466667 0.500000
0.533333 0.566667 0.600000 0.633333 0.666667 0.700000 0.733333 0.766667 0.800000 0.833333 0.866667 0.900000 0.933333 0.966667 1.000000 1.033333
1.066667 1.100000 1.133333 1.166667 1.200000 1.233333 1.266667 1.300000 1.333333 1.366667 1.400000 1.433333 1.466667 1.500000 1.533333 1.566667
1.600000 1.633333 1.666667 1.700000 1.733333 1.766667 1.800000 1.833333 1.866667 1.900000 1.933333 1.966667 2.000000 2.033333 2.066667 2.100000
2.133333 2.166667</float_array><technique_common><accessor source="#Hips-Matrix-animation-input-array" count="66"><param name="TIME" type="float"/></accessor></technique_common></source><source id="Hips-Matrix-animation-output-transform"><float_array id="Hips-Matrix-animation-output-transform-array" count="1056">

0.582259 -0.121151 -0.803926 -0.304547 -0.014496 0.987130 -0.159259 95.454514 0.812874 0.104384 0.573009 0.202109 0.000000 0.000000 0.000000 1.000000
0.532399 -0.107781 -0.839604 0.308003 -0.017669 0.990230 -0.138321 95.469162 0.846309 0.088477 0.525293 -0.130569 0.000000 0.000000 0.000000 1.000000
0.528089 -0.107215 -0.842394 1.002390 -0.000120 0.991988 -0.126330 95.389275 0.849189 0.066815 0.523845 -0.202742 0.000000 0.000000 0.000000 1.000000
0.527233 -0.104277 -0.843298 1.518162 0.021069 0.993741 -0.109708 95.215057 0.849459 0.040074 0.526130 0.226095 0.000000 0.000000 0.000000 1.000000
0.542772 -0.089624 -0.835084 1.713564 0.043850 0.995958 -0.078389 94.939690 0.838734 0.005929 0.544508 1.033754 0.000000 0.000000 0.000000 1.000000
0.586998 -0.055259 -0.807700 1.374047 0.065593 0.997634 -0.020583 94.547356 0.806927 -0.040898 0.589234 2.067308 0.000000 0.000000 0.000000 1.000000
0.665103 -0.002657 -0.746747 -0.007631 0.080150 0.994471 0.067849 93.989174 0.742438 -0.104979 0.661639 2.971767 0.000000 0.000000 0.000000 1.000000
0.761646 0.056787 -0.645500 -1.907212 0.081024 0.979989 0.181816 93.208763 0.642907 -0.190780 0.741804 3.413595 0.000000 0.000000 0.000000 1.000000
0.851967 0.096567 -0.514613 -2.756371 0.069297 0.953404 0.293629 92.180641 0.518989 -0.285823 0.805578 3.146097 0.000000 0.000000 0.000000 1.000000
0.926861 0.104885 -0.360456 -3.290253 0.048786 0.918382 0.392675 90.913277 0.372222 -0.381541 0.846096 2.644265 0.000000 0.000000 0.000000 1.000000
0.981908 0.068633 -0.176484 -3.850478 0.021296 0.886067 0.463067 89.357178 0.188158 -0.458448 0.868575 1.545538 0.000000 0.000000 0.000000 1.000000
0.999334 0.033121 -0.015347 -4.223915 -0.021092 0.867052 0.497772 87.543625 0.029793 -0.497116 0.867172 -0.537390 0.000000 0.000000 0.000000 1.000000
0.986806 -0.000286 0.161904 -4.686782 -0.086921 0.842731 0.531271 84.420349 -0.136594 -0.538335 0.831588 -3.670325 0.000000 0.000000 0.000000 1.000000
0.948674 -0.036080 0.314192 -5.911358 -0.153523 0.816025 0.557256 79.459877 -0.276494 -0.576890 0.768602 -7.785540 0.000000 0.000000 0.000000 1.000000
0.903061 -0.077513 0.422460 -7.912107 -0.198598 0.796768 0.570718 73.136292 -0.380841 -0.599293 0.704136 -12.889155 0.000000 0.000000 0.000000 1.000000
0.852687 -0.107132 0.511320 -10.169359 -0.247713 0.778814 0.576269 66.081589 -0.459960 -0.618038 0.637547 -18.329443 0.000000 0.000000 0.000000 1.000000
0.815505 -0.117261 0.566746 -12.445583 -0.293209 0.760575 0.579271 57.836666 -0.498979 -0.638573 0.585870 -23.278269 0.000000 0.000000 0.000000 1.000000
0.795038 -0.128537 0.592784 -14.344401 -0.323510 0.736824 0.593659 48.529099 -0.513085 -0.663753 0.544220 -28.072159 0.000000 0.000000 0.000000 1.000000
0.780315 -0.140544 0.609389 -15.739019 -0.353107 0.705226 0.614795 38.809570 -0.516163 -0.694913 0.500671 -32.516964 0.000000 0.000000 0.000000 1.000000
0.766735 -0.149452 0.624325 -16.757879 -0.399139 0.650717 0.645954 29.085062 -0.502798 -0.744467 0.439275 -35.619110 0.000000 0.000000 0.000000 1.000000
0.711338 -0.177762 0.680000 -17.739468 -0.503407 0.546312 0.669421 23.710735 -0.490490 -0.818501 0.299125 -38.697311 0.000000 0.000000 0.000000 1.000000
0.739277 -0.277025 0.613780 -18.405581 -0.510560 0.363733 0.779119 22.820343 -0.439088 -0.889357 0.127462 -41.708775 0.000000 0.000000 0.000000 1.000000
0.769317 -0.297085 0.565590 -18.303991 -0.518610 0.226595 0.824438 22.740334 -0.373088 -0.927575 0.020252 -44.627335 0.000000 0.000000 0.000000 1.000000
0.733912 -0.259767 0.627609 -17.887846 -0.613107 0.144350 0.776700 23.090511 -0.292357 -0.954821 -0.053325 -47.331329 0.000000 0.000000 0.000000 1.000000
0.728149 -0.303781 0.614423 -18.325432 -0.626455 0.068783 0.776417 24.107391 -0.278123 -0.950256 -0.140221 -49.412483 0.000000 0.000000 0.000000 1.000000
0.729545 -0.393615 0.559313 -19.039349 -0.638635 -0.099392 0.763064 25.159451 -0.244762 -0.913886 -0.323888 -51.290462 0.000000 0.000000 0.000000 1.000000
0.740044 -0.409812 0.533282 -18.868731 -0.655667 -0.263016 0.707759 26.389332 -0.149787 -0.873428 -0.463343 -54.043293 0.000000 0.000000 0.000000 1.000000
0.741880 -0.445438 0.501197 -18.422974 -0.654473 -0.318424 0.685763 28.114914 -0.145872 -0.836774 -0.527760 -57.074562 0.000000 0.000000 0.000000 1.000000
0.761807 -0.460584 0.455536 -17.651150 -0.629816 -0.362033 0.687215 31.846750 -0.151602 -0.810429 -0.565882 -59.892750 0.000000 0.000000 0.000000 1.000000
0.782192 -0.457274 0.423174 -16.627728 -0.608927 -0.417351 0.674556 35.427734 -0.131845 -0.785314 -0.604895 -62.613644 0.000000 0.000000 0.000000 1.000000
0.792512 -0.450690 0.410857 -15.984173 -0.601198 -0.464239 0.650418 37.893307 -0.102401 -0.762470 -0.638869 -65.080025 0.000000 0.000000 0.000000 1.000000
0.788197 -0.450038 0.419775 -15.480797 -0.610596 -0.486599 0.624816 39.172966 -0.076929 -0.748790 -0.658327 -66.929298 0.000000 0.000000 0.000000 1.000000
0.789279 -0.451558 0.416095 -15.153081 -0.611112 -0.511624 0.603972 39.716461 -0.059845 -0.730983 -0.679767 -68.637482 0.000000 0.000000 0.000000 1.000000
0.802257 -0.446476 0.396287 -15.089617 -0.593638 -0.526509 0.608590 40.226517 -0.063072 -0.723497 -0.687441 -70.150429 0.000000 0.000000 0.000000 1.000000
0.817720 -0.441869 0.368898 -15.076256 -0.570182 -0.533934 0.624346 40.780331 -0.078912 -0.720879 -0.688554 -71.503685 0.000000 0.000000 0.000000 1.000000
0.825085 -0.438726 0.356025 -15.109327 -0.554912 -0.510633 0.656755 40.480431 -0.106338 -0.739441 -0.664770 -72.556107 0.000000 0.000000 0.000000 1.000000
0.832270 -0.439724 0.337593 -14.942793 -0.535152 -0.478318 0.696293 39.429733 -0.144701 -0.760168 -0.633409 -73.533821 0.000000 0.000000 0.000000 1.000000
0.841966 -0.435798 0.318078 -14.799544 -0.507684 -0.440390 0.740482 37.694595 -0.182622 -0.784943 -0.592041 -74.161018 0.000000 0.000000 0.000000 1.000000
0.856101 -0.423768 0.295824 -14.717500 -0.472109 -0.408395 0.781234 35.166183 -0.210249 -0.808477 -0.549692 -74.279381 0.000000 0.000000 0.000000 1.000000
0.863571 -0.415413 0.285793 -14.292532 -0.442554 -0.352812 0.824421 31.682257 -0.241645 -0.838425 -0.488520 -73.833878 0.000000 0.000000 0.000000 1.000000
0.865766 -0.409921 0.287077 -13.890301 -0.415900 -0.270294 0.868314 27.554661 -0.278345 -0.871152 -0.404497 -73.207321 0.000000 0.000000 0.000000 1.000000
0.861717 -0.407703 0.302030 -13.516229 -0.392600 -0.158686 0.905916 22.827799 -0.321417 -0.899220 -0.296806 -72.339966 0.000000 0.000000 0.000000 1.000000
0.880292 -0.390191 0.269883 -13.405140 -0.318613 -0.064717 0.945673 19.059097 -0.351528 -0.918457 -0.181290 -71.146820 0.000000 0.000000 0.000000 1.000000
0.899102 -0.374223 0.227096 -14.256357 -0.250294 -0.013880 0.968070 18.756918 -0.359122 -0.927235 -0.106146 -69.808289 0.000000 0.000000 0.000000 1.000000
0.909775 -0.351521 0.220776 -15.086010 -0.232429 0.009277 0.972569 18.628305 -0.343927 -0.936134 -0.073264 -68.414352 0.000000 0.000000 0.000000 1.000000
0.903168 -0.382794 0.194310 -15.633600 -0.206288 0.009948 0.978441 18.427704 -0.376474 -0.923780 -0.069981 -66.952263 0.000000 0.000000 0.000000 1.000000
0.909661 -0.399801 0.112589 -16.475723 -0.119087 0.008641 0.992846 18.329376 -0.397914 -0.916561 -0.039751 -65.585266 0.000000 0.000000 0.000000 1.000000
0.908297 -0.412493 0.069622 -17.157021 -0.060345 0.035490 0.997546 18.497236 -0.413952 -0.910269 0.007344 -64.315964 0.000000 0.000000 0.000000 1.000000
0.904412 -0.420577 0.071783 -17.675219 -0.052113 0.058093 0.996950 19.058733 -0.423465 -0.905395 0.030622 -63.399765 0.000000 0.000000 0.000000 1.000000
0.902228 -0.424718 0.074828 -18.035051 -0.059086 0.050135 0.996993 19.252369 -0.427192 -0.903937 0.020139 -63.392414 0.000000 0.000000 0.000000 1.000000
0.900586 -0.428979 0.070159 -18.201941 -0.057198 0.043050 0.997434 19.150391 -0.430899 -0.902288 0.014234 -63.892647 0.000000 0.000000 0.000000 1.000000
0.900574 -0.429249 0.068641 -18.239134 -0.056288 0.041425 0.997555 18.934778 -0.431042 -0.902236 0.013144 -64.546227 0.000000 0.000000 0.000000 1.000000
0.901084 -0.427439 0.073093 -18.080175 -0.065947 0.031523 0.997325 18.394579 -0.428600 -0.903494 0.000217 -65.029663 0.000000 0.000000 0.000000 1.000000
0.901024 -0.425235 0.085617 -17.884731 -0.082672 0.025415 0.996253 18.039074 -0.425818 -0.904726 -0.012255 -65.608879 0.000000 0.000000 0.000000 1.000000
0.900994 -0.421370 0.103231 -17.675047 -0.107266 0.014190 0.994129 17.929243 -0.420361 -0.906778 -0.032414 -66.255653 0.000000 0.000000 0.000000 1.000000
0.900427 -0.417119 0.123466 -17.422581 -0.134363 0.003264 0.990927 17.859755 -0.413737 -0.908846 -0.053106 -66.792976 0.000000 0.000000 0.000000 1.000000
0.899625 -0.413891 0.139173 -17.136442 -0.155695 -0.006270 0.987785 17.801432 -0.407963 -0.910305 -0.070081 -67.223015 0.000000 0.000000 0.000000 1.000000
0.899356 -0.410841 0.149559 -16.908216 -0.169787 -0.012960 0.985396 17.761316 -0.402903 -0.911615 -0.081411 -67.525902 0.000000 0.000000 0.000000 1.000000
0.898203 -0.410606 0.156954 -16.706564 -0.178370 -0.014104 0.983862 17.753296 -0.401766 -0.911704 -0.085908 -67.612816 0.000000 0.000000 0.000000 1.000000
0.897289 -0.410871 0.161426 -16.595737 -0.182562 -0.012437 0.983116 17.762421 -0.401926 -0.911609 -0.086169 -67.543900 0.000000 0.000000 0.000000 1.000000
0.896631 -0.411814 0.162671 -16.563433 -0.182187 -0.008286 0.983229 17.787373 -0.403559 -0.911230 -0.082457 -67.388504 0.000000 0.000000 0.000000 1.000000
0.895769 -0.414141 0.161508 -16.591036 -0.178984 -0.003451 0.983846 17.816984 -0.406893 -0.910206 -0.077216 -67.202087 0.000000 0.000000 0.000000 1.000000
0.895129 -0.417567 0.156147 -16.670202 -0.171538 0.000681 0.985177 17.843018 -0.411484 -0.908646 -0.071019 -66.993080 0.000000 0.000000 0.000000 1.000000
0.894588 -0.421119 0.149571 -16.762482 -0.162592 0.005050 0.986681 17.870651 -0.416265 -0.906992 -0.063953 -66.803696 0.000000 0.000000 0.000000 1.000000
0.894219 -0.424160 0.143039 -16.845224 -0.154128 0.008252 0.988016 17.891087 -0.420257 -0.905550 -0.057996 -66.650528 0.000000 0.000000 0.000000 1.000000
0.894337 -0.425580 0.137994 -16.924923 -0.147915 0.009831 0.988951 17.901394 -0.422235 -0.904867 -0.054158 -66.536713 0.000000 0.000000 0.000000 1.000000</float_array><technique_common><accessor source="#Hips-Matrix-animation-output-transform-array" count="66" stride="16"><param type="float4x4"/></accessor></technique_common></source><source id="Hips-Interpolations"><Name_array id="Hips-Interpolations-array" count="66">
 LINEAR LINEAR LINEAR LINEAR LINEAR LINEAR LINEAR LINEAR LINEAR LINEAR LINEAR
LINEAR LINEAR LINEAR LINEAR LINEAR LINEAR LINEAR LINEAR LINEAR LINEAR LINEAR LINEAR
LINEAR LINEAR LINEAR LINEAR LINEAR LINEAR LINEAR LINEAR LINEAR LINEAR LINEAR LINEAR
LINEAR LINEAR LINEAR LINEAR LINEAR LINEAR LINEAR LINEAR LINEAR LINEAR LINEAR LINEAR
LINEAR LINEAR LINEAR LINEAR LINEAR LINEAR LINEAR LINEAR LINEAR LINEAR LINEAR LINEAR
LINEAR LINEAR LINEAR LINEAR LINEAR LINEAR LINEAR</Name_array><technique_common><accessor source="#Hips-Interpolations-array" count="66"><param type="name"/></accessor></technique_common></source><sampler id="Hips-Matrix-animation-transform"><input semantic="INPUT" source="#Hips-Matrix-animation-input"/><input semantic="OUTPUT" source="#Hips-Matrix-animation-output-transform"/><input semantic="INTERPOLATION" source="#Hips-Interpolations"/></sampler><channel source="#Hips-Matrix-animation-transform" target="Hips/matrix"/></animation>
    <animation id="Spine-anim" name="Spine"><source id="Spine-Matrix-animation-input"><float_array id="Spine-Matrix-animation-input-array" count="66">

0.000000 0.033333 0.066667 0.100000 0.133333 0.166667 0.200000 0.233333 0.266667 0.300000 0.333333 0.366667 0.400000 0.433333 0.466667 0.500000
0.533333 0.566667 0.600000 0.633333 0.666667 0.700000 0.733333 0.766667 0.800000 0.833333 0.866667 0.900000 0.933333 0.966667 1.000000 1.033333
1.066667 1.100000 1.133333 1.166667 1.200000 1.233333 1.266667 1.300000 1.333333 1.366667 1.400000 1.433333 1.466667 1.500000 1.533333 1.566667
1.600000 1.633333 1.666667 1.700000 1.733333 1.766667 1.800000 1.833333 1.866667 1.900000 1.933333 1.966667 2.000000 2.033333 2.066667 2.100000
2.133333 2.166667</float_array><technique_common><accessor source="#Spine-Matrix-animation-input-array" count="66"><param name="TIME" type="float"/></accessor></technique_common></source><source id="Spine-Matrix-animation-output-transform"><float_array id="Spine-Matrix-animation-output-transform-array" count="1056">

0.996598 0.054400 0.061917 -0.005700 -0.046076 0.990610 -0.128721 10.895800 -0.068338 0.125430 0.989746 -1.278700 0.000000 0.000000 0.000000 1.000000
0.997043 0.049441 0.058836 -0.005700 -0.041728 0.991180 -0.125783 10.895800 -0.064535 0.122956 0.990312 -1.278700 0.000000 0.000000 0.000000 1.000000
0.998058 0.036314 0.050605 -0.005700 -0.030136 0.992568 -0.117902 10.895800 -0.054510 0.116148 0.991735 -1.278700 0.000000 0.000000 0.000000 1.000000
0.999090 0.017479 0.038906 -0.005700 -0.013246 0.994221 -0.106534 10.895800 -0.040543 0.105922 0.993548 -1.278700 0.000000 0.000000 0.000000 1.000000
0.999667 -0.004659 0.025399 -0.005700 0.007004 0.995636 -0.093061 10.895800 -0.024854 0.093207 0.995336 -1.278700 0.000000 0.000000 0.000000 1.000000
0.999556 -0.027404 0.011722 -0.005700 0.028243 0.996500 -0.078671 10.895800 -0.009525 0.078967 0.996832 -1.278700 0.000000 0.000000 0.000000 1.000000
0.998861 -0.047722 -0.000373 -0.005700 0.047599 0.996796 -0.064274 10.895800 0.003439 0.064183 0.997932 -1.278700 0.000000 0.000000 0.000000 1.000000
0.997944 -0.063337 -0.009820 -0.005700 0.062763 0.996745 -0.050608 10.895800 0.012993 0.049887 0.998670 -1.278700 0.000000 0.000000 0.000000 1.000000
0.997454 -0.071230 -0.003303 -0.005700 0.071060 0.996789 -0.036920 10.895800 0.005922 0.036591 0.999313 -1.278700 0.000000 0.000000 0.000000 1.000000
0.997490 -0.070796 0.001388 -0.005700 0.070809 0.997200 -0.024057 10.895800 0.000319 0.024095 0.999710 -1.278700 0.000000 0.000000 0.000000 1.000000
0.998069 -0.061959 0.004396 -0.005700 0.061991 0.998049 -0.007453 10.895800 -0.003926 0.007711 0.999963 -1.278700 0.000000 0.000000 0.000000 1.000000
0.998571 -0.053123 0.005893 -0.005700 0.053045 0.998513 0.012562 10.895800 -0.006551 -0.012232 0.999904 -1.278700 0.000000 0.000000 0.000000 1.000000
0.999026 -0.044117 -0.001301 -0.005700 0.044134 0.998845 0.019011 10.895800 0.000460 -0.019050 0.999818 -1.278700 0.000000 0.000000 0.000000 1.000000
0.999309 -0.037008 -0.003451 -0.005700 0.037044 0.999254 0.010948 10.895800 0.003044 -0.011069 0.999934 -1.278700 0.000000 0.000000 0.000000 1.000000
0.999576 -0.028771 -0.004515 -0.005700 0.028750 0.999576 -0.004674 10.895800 0.004647 0.004542 0.999979 -1.278700 0.000000 0.000000 0.000000 1.000000
0.999655 -0.025688 -0.005514 -0.005700 0.025549 0.999387 -0.023919 10.895800 0.006125 0.023770 0.999699 -1.278700 0.000000 0.000000 0.000000 1.000000
0.999644 -0.026654 -0.000689 -0.005700 0.026606 0.998873 -0.039310 10.895800 0.001736 0.039278 0.999227 -1.278700 0.000000 0.000000 0.000000 1.000000
0.999585 -0.027869 0.007260 -0.005700 0.028217 0.998179 -0.053312 10.895800 -0.005762 0.053494 0.998552 -1.278700 0.000000 0.000000 0.000000 1.000000
0.999459 -0.030138 0.013144 -0.005700 0.030921 0.997466 -0.064075 10.895800 -0.011180 0.064447 0.997859 -1.278700 0.000000 0.000000 0.000000 1.000000
0.999190 -0.036799 0.016282 -0.005700 0.037928 0.996424 -0.075499 10.895800 -0.013446 0.076055 0.997013 -1.278700 0.000000 0.000000 0.000000 1.000000
0.999011 -0.044267 0.004158 -0.005700 0.044462 0.994352 -0.096374 10.895800 0.000132 0.096464 0.995336 -1.278700 0.000000 0.000000 0.000000 1.000000
0.999140 -0.035195 0.021917 -0.005700 0.037929 0.989383 -0.140297 10.895800 -0.016747 0.141008 0.989867 -1.278700 0.000000 0.000000 0.000000 1.000000
0.999390 -0.020682 0.028128 -0.005700 0.024412 0.989927 -0.139459 10.895800 -0.024960 0.140060 0.989828 -1.278700 0.000000 0.000000 0.000000 1.000000
0.999438 -0.030188 0.014558 -0.005700 0.031794 0.991404 -0.126913 10.895800 -0.010602 0.127305 0.991807 -1.278700 0.000000 0.000000 0.000000 1.000000
0.999467 -0.032579 -0.002010 -0.005700 0.032110 0.992413 -0.118684 10.895800 0.005862 0.118557 0.992930 -1.278700 0.000000 0.000000 0.000000 1.000000
0.999357 -0.035737 0.002991 -0.005700 0.035846 0.992902 -0.113409 10.895800 0.001083 0.113443 0.993544 -1.278700 0.000000 0.000000 0.000000 1.000000
0.999034 -0.042560 0.010970 -0.005700 0.043522 0.992762 -0.111939 10.895800 -0.006127 0.112308 0.993655 -1.278700 0.000000 0.000000 0.000000 1.000000
0.999636 -0.024822 -0.010545 -0.005700 0.023459 0.993196 -0.114070 10.895800 0.013304 0.113781 0.993417 -1.278700 0.000000 0.000000 0.000000 1.000000
0.999730 -0.014585 -0.018111 -0.005700 0.012393 0.993206 -0.115709 10.895800 0.019676 0.115453 0.993118 -1.278700 0.000000 0.000000 0.000000 1.000000
0.999629 -0.018662 -0.019837 -0.005700 0.016204 0.992936 -0.117540 10.895800 0.021891 0.117175 0.992870 -1.278700 0.000000 0.000000 0.000000 1.000000
0.999194 -0.018643 -0.035557 -0.005700 0.014458 0.993316 -0.114522 10.895800 0.037454 0.113915 0.992784 -1.278700 0.000000 0.000000 0.000000 1.000000
0.998308 -0.016343 -0.055800 -0.005700 0.010261 0.994142 -0.107598 10.895800 0.057232 0.106843 0.992627 -1.278700 0.000000 0.000000 0.000000 1.000000
0.997319 -0.013921 -0.071843 -0.005700 0.006514 0.994730 -0.102325 10.895800 0.072889 0.101582 0.992153 -1.278700 0.000000 0.000000 0.000000 1.000000
0.996650 -0.009560 -0.081223 -0.005700 0.001911 0.995596 -0.093728 10.895800 0.081761 0.093259 0.992279 -1.278700 0.000000 0.000000 0.000000 1.000000
0.996457 -0.007037 -0.083807 -0.005700 -0.000299 0.996190 -0.087205 10.895800 0.084101 0.086921 0.992659 -1.278700 0.000000 0.000000 0.000000 1.000000
0.996535 -0.004122 -0.083066 -0.005700 -0.002116 0.997191 -0.074870 10.895800 0.083142 0.074787 0.993728 -1.278700 0.000000 0.000000 0.000000 1.000000
0.996852 -0.001925 -0.079264 -0.005700 -0.003142 0.997961 -0.063745 10.895800 0.079225 0.063793 0.994813 -1.278700 0.000000 0.000000 0.000000 1.000000
0.997262 -0.003698 -0.073851 -0.005700 -0.000475 0.998408 -0.056406 10.895800 0.073942 0.056286 0.995673 -1.278700 0.000000 0.000000 0.000000 1.000000
0.997633 -0.011392 -0.067811 -0.005700 0.007536 0.998354 -0.056851 10.895800 0.068347 0.056206 0.996077 -1.278700 0.000000 0.000000 0.000000 1.000000
0.998162 -0.013872 -0.058989 -0.005700 0.011230 0.998929 -0.044888 10.895800 0.059548 0.044143 0.997249 -1.278700 0.000000 0.000000 0.000000 1.000000
0.998555 -0.015505 -0.051453 -0.005700 0.013764 0.999326 -0.034021 10.895800 0.051946 0.033263 0.998096 -1.278700 0.000000 0.000000 0.000000 1.000000
0.998913 -0.013336 -0.044664 -0.005700 0.012515 0.999749 -0.018604 10.895800 0.044901 0.018025 0.998829 -1.278700 0.000000 0.000000 0.000000 1.000000
0.999400 -0.015149 -0.031141 -0.005700 0.014991 0.999874 -0.005292 10.895800 0.031218 0.004822 0.999501 -1.278700 0.000000 0.000000 0.000000 1.000000
0.999450 -0.012449 -0.030749 -0.005700 0.012543 0.999917 0.002844 10.895800 0.030711 -0.003228 0.999523 -1.278700 0.000000 0.000000 0.000000 1.000000
0.999233 -0.012422 -0.037133 -0.005700 0.012782 0.999873 0.009480 10.895800 0.037011 -0.009948 0.999265 -1.278700 0.000000 0.000000 0.000000 1.000000
0.999409 0.001418 -0.034339 -0.005700 -0.001236 0.999985 0.005315 10.895800 0.034346 -0.005269 0.999396 -1.278700 0.000000 0.000000 0.000000 1.000000
0.999707 0.015352 -0.018701 -0.005700 -0.015305 0.999879 0.002644 10.895800 0.018740 -0.002357 0.999822 -1.278700 0.000000 0.000000 0.000000 1.000000
0.999650 0.025973 -0.004929 -0.005700 -0.025866 0.999451 0.020728 10.895800 0.005465 -0.020593 0.999773 -1.278700 0.000000 0.000000 0.000000 1.000000
0.999666 0.025682 -0.002863 -0.005700 -0.025612 0.999429 0.022033 10.895800 0.003427 -0.021953 0.999753 -1.278700 0.000000 0.000000 0.000000 1.000000
0.999546 0.029588 -0.005634 -0.005700 -0.029471 0.999371 0.019736 10.895800 0.006214 -0.019561 0.999789 -1.278700 0.000000 0.000000 0.000000 1.000000
0.999472 0.031994 -0.005603 -0.005700 -0.031891 0.999336 0.017615 10.895800 0.006163 -0.017427 0.999829 -1.278700 0.000000 0.000000 0.000000 1.000000
0.999498 0.031289 -0.004940 -0.005700 -0.031216 0.999412 0.014206 10.895800 0.005381 -0.014044 0.999887 -1.278700 0.000000 0.000000 0.000000 1.000000
0.999568 0.028678 -0.006431 -0.005700 -0.028600 0.999519 0.012019 10.895800 0.006772 -0.011830 0.999907 -1.278700 0.000000 0.000000 0.000000 1.000000
0.999586 0.027073 -0.009765 -0.005700 -0.026993 0.999601 0.008293 10.895800 0.009986 -0.008026 0.999918 -1.278700 0.000000 0.000000 0.000000 1.000000
0.999627 0.023724 -0.013556 -0.005700 -0.023677 0.999713 0.003646 10.895800 0.013639 -0.003324 0.999901 -1.278700 0.000000 0.000000 0.000000 1.000000
0.999654 0.020157 -0.016922 -0.005700 -0.020152 0.999797 0.000417 10.895800 0.016927 -0.000075 0.999857 -1.278700 0.000000 0.000000 0.000000 1.000000
0.999652 0.016560 -0.020539 -0.005700 -0.016625 0.999857 -0.003006 10.895800 0.020486 0.003346 0.999785 -1.278700 0.000000 0.000000 0.000000 1.000000
0.999661 0.012891 -0.022611 -0.005700 -0.013021 0.999900 -0.005576 10.895800 0.022537 0.005869 0.999729 -1.278700 0.000000 0.000000 0.000000 1.000000
0.999649 0.011376 -0.023924 -0.005700 -0.011533 0.999913 -0.006438 10.895800 0.023849 0.006711 0.999693 -1.278700 0.000000 0.000000 0.000000 1.000000
0.999639 0.010934 -0.024542 -0.005700 -0.011082 0.999921 -0.005904 10.895800 0.024476 0.006174 0.999681 -1.278700 0.000000 0.000000 0.000000 1.000000
0.999637 0.011677 -0.024263 -0.005700 -0.011784 0.999921 -0.004280 10.895800 0.024212 0.004564 0.999696 -1.278700 0.000000 0.000000 0.000000 1.000000
0.999647 0.013397 -0.022933 -0.005700 -0.013463 0.999906 -0.002697 10.895800 0.022895 0.003004 0.999733 -1.278700 0.000000 0.000000 0.000000 1.000000
0.999652 0.015357 -0.021437 -0.005700 -0.015404 0.999879 -0.002067 10.895800 0.021403 0.002396 0.999768 -1.278700 0.000000 0.000000 0.000000 1.000000
0.999659 0.017462 -0.019437 -0.005700 -0.017485 0.999847 -0.001063 10.895800 0.019415 0.001403 0.999811 -1.278700 0.000000 0.000000 0.000000 1.000000
0.999656 0.019271 -0.017774 -0.005700 -0.019280 0.999814 -0.000339 10.895800 0.017764 0.000682 0.999842 -1.278700 0.000000 0.000000 0.000000 1.000000
0.999652 0.020437 -0.016696 -0.005700 -0.020442 0.999791 -0.000138 10.895800 0.016689 0.000479 0.999861 -1.278700 0.000000 0.000000 0.000000 1.000000</float_array><technique_common><accessor source="#Spine-Matrix-animation-output-transform-array" count="66" stride="16"><param type="float4x4"/></accessor></technique_common></source><source id="Spine-Interpolations"><Name_array id="Spine-Interpolations-array" count="66">
 LINEAR LINEAR LINEAR LINEAR LINEAR LINEAR LINEAR LINEAR LINEAR LINEAR LINEAR
LINEAR LINEAR LINEAR LINEAR LINEAR LINEAR LINEAR LINEAR LINEAR LINEAR LINEAR LINEAR
LINEAR LINEAR LINEAR LINEAR LINEAR LINEAR LINEAR LINEAR LINEAR LINEAR LINEAR LINEAR
LINEAR LINEAR LINEAR LINEAR LINEAR LINEAR LINEAR LINEAR LINEAR LINEAR LINEAR LINEAR
LINEAR LINEAR LINEAR LINEAR LINEAR LINEAR LINEAR LINEAR LINEAR LINEAR LINEAR LINEAR
LINEAR LINEAR LINEAR LINEAR LINEAR LINEAR LINEAR</Name_array><technique_common><accessor source="#Spine-Interpolations-array" count="66"><param type="name"/></accessor></technique_common></source><sampler id="Spine-Matrix-animation-transform"><input semantic="INPUT" source="#Spine-Matrix-animation-input"/><input semantic="OUTPUT" source="#Spine-Matrix-animation-output-transform"/><input semantic="INTERPOLATION" source="#Spine-Interpolations"/></sampler><channel source="#Spine-Matrix-animation-transform" target="Spine/matrix"/></animation>
    <animation id="Spine1-anim" name="Spine1"><source id="Spine1-Matrix-animation-input"><float_array id="Spine1-Matrix-animation-input-array" count="66">

0.000000 0.033333 0.066667 0.100000 0.133333 0.166667 0.200000 0.233333 0.266667 0.300000 0.333333 0.366667 0.400000 0.433333 0.466667 0.500000
0.533333 0.566667 0.600000 0.633333 0.666667 0.700000 0.733333 0.766667 0.800000 0.833333 0.866667 0.900000 0.933333 0.966667 1.000000 1.033333
1.066667 1.100000 1.133333 1.166667 1.200000 1.233333 1.266667 1.300000 1.333333 1.366667 1.400000 1.433333 1.466667 1.500000 1.533333 1.566667
1.600000 1.633333 1.666667 1.700000 1.733333 1.766667 1.800000 1.833333 1.866667 1.900000 1.933333 1.966667 2.000000 2.033333 2.066667 2.100000
2.133333 2.166667</float_array><technique_common><accessor source="#Spine1-Matrix-animation-input-array" count="66"><param name="TIME" type="float"/></accessor></technique_common></source><source id="Spine1-Matrix-animation-output-transform"><float_array id="Spine1-Matrix-animation-output-transform-array" count="1056">

0.998870 -0.040557 0.024793 -0.006600 0.041083 0.998933 -0.021096 12.711700 -0.023911 0.022091 0.999470 -1.491800 0.000000 0.000000 0.000000 1.000000
0.998907 -0.043993 0.015764 -0.006600 0.044387 0.998688 -0.025541 12.711700 -0.014620 0.026213 0.999549 -1.491800 0.000000 0.000000 0.000000 1.000000
0.998562 -0.053187 -0.006733 -0.006600 0.052903 0.997912 -0.037059 12.711700 0.008690 0.036650 0.999290 -1.491800 0.000000 0.000000 0.000000 1.000000
0.997147 -0.066461 -0.035801 -0.006600 0.064517 0.996510 -0.052971 12.711700 0.039197 0.050510 0.997954 -1.491800 0.000000 0.000000 0.000000 1.000000
0.994530 -0.082136 -0.064522 -0.006600 0.077570 0.994502 -0.070346 12.711700 0.069945 0.064956 0.995434 -1.491800 0.000000 0.000000 0.000000 1.000000
0.991408 -0.098538 -0.086032 -0.006600 0.091161 0.992130 -0.085832 12.711700 0.093812 0.077251 0.992588 -1.491800 0.000000 0.000000 0.000000 1.000000
0.989064 -0.114006 -0.093570 -0.006600 0.105052 0.989859 -0.095620 12.711700 0.103523 0.084745 0.991010 -1.491800 0.000000 0.000000 0.000000 1.000000
0.989848 -0.125452 -0.066797 -0.006600 0.119052 0.988575 -0.092451 12.711700 0.077632 0.083560 0.993474 -1.491800 0.000000 0.000000 0.000000 1.000000
0.990718 -0.133840 -0.023775 -0.006600 0.131840 0.988666 -0.071823 12.711700 0.033118 0.068022 0.997134 -1.491800 0.000000 0.000000 0.000000 1.000000
0.990239 -0.139204 0.007040 -0.006600 0.139382 0.989082 -0.047857 12.711700 -0.000301 0.048372 0.998829 -1.491800 0.000000 0.000000 0.000000 1.000000
0.992423 -0.122208 0.012753 -0.006600 0.122389 0.992376 -0.014521 12.711700 -0.010881 0.015972 0.999813 -1.491800 0.000000 0.000000 0.000000 1.000000
0.994193 -0.106795 0.013253 -0.006600 0.106434 0.993993 0.025480 12.711700 -0.015895 -0.023921 0.999587 -1.491800 0.000000 0.000000 0.000000 1.000000
0.995992 -0.089437 -0.001216 -0.006600 0.089418 0.995270 0.037987 12.711700 -0.002187 -0.037943 0.999277 -1.491800 0.000000 0.000000 0.000000 1.000000
0.997192 -0.074775 -0.004175 -0.006600 0.074848 0.996956 0.021816 12.711700 0.002531 -0.022067 0.999753 -1.491800 0.000000 0.000000 0.000000 1.000000
0.998264 -0.058530 -0.006501 -0.006600 0.058467 0.998245 -0.009444 12.711700 0.007042 0.009048 0.999934 -1.491800 0.000000 0.000000 0.000000 1.000000
0.998689 -0.050353 -0.009254 -0.006600 0.049854 0.997606 -0.047934 12.711700 0.011645 0.047409 0.998808 -1.491800 0.000000 0.000000 0.000000 1.000000
0.998706 -0.050848 0.000896 -0.006600 0.050761 0.995617 -0.078545 12.711700 0.003102 0.078489 0.996910 -1.491800 0.000000 0.000000 0.000000 1.000000
0.998530 -0.051422 0.017123 -0.006600 0.052956 0.992926 -0.106272 12.711700 -0.011537 0.107023 0.994190 -1.491800 0.000000 0.000000 0.000000 1.000000
0.998131 -0.053348 0.029817 -0.006600 0.056734 0.990209 -0.127540 12.711700 -0.022721 0.128993 0.991385 -1.491800 0.000000 0.000000 0.000000 1.000000
0.997238 -0.064129 0.037467 -0.006600 0.069069 0.986221 -0.150325 12.711700 -0.027311 0.152498 0.987926 -1.491800 0.000000 0.000000 0.000000 1.000000
0.997008 -0.076175 0.013150 -0.006600 0.077297 0.980542 -0.180452 12.711700 0.000852 0.180928 0.983496 -1.491800 0.000000 0.000000 0.000000 1.000000
0.998320 -0.036899 0.044672 -0.006600 0.047346 0.963942 -0.261866 12.711700 -0.033398 0.263541 0.964070 -1.491800 0.000000 0.000000 0.000000 1.000000
0.998174 -0.021884 0.056307 -0.006600 0.035980 0.964088 -0.263136 12.711700 -0.048526 0.264681 0.963114 -1.491800 0.000000 0.000000 0.000000 1.000000
0.997469 -0.061573 0.035563 -0.006600 0.069022 0.958626 -0.276174 12.711700 -0.017087 0.277930 0.960449 -1.491800 0.000000 0.000000 0.000000 1.000000
0.995620 -0.093156 0.007968 -0.006600 0.091545 0.953976 -0.285568 12.711700 0.019001 0.285047 0.958325 -1.491800 0.000000 0.000000 0.000000 1.000000
0.993876 -0.108687 0.019957 -0.006600 0.110026 0.956541 -0.270045 12.711700 0.010260 0.270587 0.962641 -1.491800 0.000000 0.000000 0.000000 1.000000
0.991608 -0.122716 0.040663 -0.006600 0.129200 0.951633 -0.278751 12.711700 -0.004489 0.281665 0.959502 -1.491800 0.000000 0.000000 0.000000 1.000000
0.995279 -0.096789 -0.007135 -0.006600 0.090509 0.952205 -0.291743 12.711700 0.035031 0.289720 0.956470 -1.491800 0.000000 0.000000 0.000000 1.000000
0.995984 -0.085845 -0.025418 -0.006600 0.074206 0.950387 -0.302088 12.711700 0.050090 0.298989 0.952941 -1.491800 0.000000 0.000000 0.000000 1.000000
0.994584 -0.100836 -0.025181 -0.006600 0.088161 0.946832 -0.309413 12.711700 0.055042 0.305518 0.950594 -1.491800 0.000000 0.000000 0.000000 1.000000
0.991246 -0.120333 -0.054332 -0.006600 0.096885 0.942501 -0.319851 12.711700 0.089696 0.311787 0.945909 -1.491800 0.000000 0.000000 0.000000 1.000000
0.987806 -0.122079 -0.096623 -0.006600 0.086683 0.946769 -0.310025 12.711700 0.129327 0.297869 0.945806 -1.491800 0.000000 0.000000 0.000000 1.000000
0.984137 -0.119838 -0.130818 -0.006600 0.074924 0.949136 -0.305823 12.711700 0.160813 0.291170 0.943058 -1.491800 0.000000 0.000000 0.000000 1.000000
0.982157 -0.109221 -0.153095 -0.006600 0.060457 0.954226 -0.292914 12.711700 0.178079 0.278432 0.943803 -1.491800 0.000000 0.000000 0.000000 1.000000
0.982054 -0.098596 -0.160776 -0.006600 0.049900 0.957924 -0.282651 12.711700 0.181879 0.269556 0.945653 -1.491800 0.000000 0.000000 0.000000 1.000000
0.983167 -0.084808 -0.161837 -0.006600 0.040263 0.964539 -0.260851 12.711700 0.178220 0.249944 0.951717 -1.491800 0.000000 0.000000 0.000000 1.000000
0.985099 -0.071163 -0.156574 -0.006600 0.031825 0.970085 -0.240672 12.711700 0.169017 0.232103 0.957894 -1.491800 0.000000 0.000000 0.000000 1.000000
0.987061 -0.065165 -0.146509 -0.006600 0.030741 0.973651 -0.225961 12.711700 0.157374 0.218533 0.963056 -1.491800 0.000000 0.000000 0.000000 1.000000
0.989028 -0.066834 -0.131745 -0.006600 0.037100 0.975598 -0.216409 12.711700 0.142994 0.209146 0.967373 -1.491800 0.000000 0.000000 0.000000 1.000000
0.990793 -0.070911 -0.115330 -0.006600 0.046583 0.978405 -0.201380 12.711700 0.127119 0.194153 0.972700 -1.491800 0.000000 0.000000 0.000000 1.000000
0.992394 -0.071138 -0.100468 -0.006600 0.052354 0.982536 -0.178556 12.711700 0.111415 0.171938 0.978787 -1.491800 0.000000 0.000000 0.000000 1.000000
0.993884 -0.066829 -0.087916 -0.006600 0.053398 0.987677 -0.147112 12.711700 0.096664 0.141518 0.985205 -1.491800 0.000000 0.000000 0.000000 1.000000
0.995469 -0.075049 -0.058386 -0.006600 0.067604 0.990416 -0.120443 12.711700 0.066865 0.115950 0.991002 -1.491800 0.000000 0.000000 0.000000 1.000000
0.995627 -0.076308 -0.053886 -0.006600 0.069838 0.991119 -0.113165 12.711700 0.062043 0.108907 0.992114 -1.491800 0.000000 0.000000 0.000000 1.000000
0.994371 -0.087124 -0.060292 -0.006600 0.080426 0.991131 -0.105783 12.711700 0.068974 0.100338 0.992560 -1.491800 0.000000 0.000000 0.000000 1.000000
0.996812 -0.051107 -0.061277 -0.006600 0.043836 0.992441 -0.114628 12.711700 0.066672 0.111577 0.991517 -1.491800 0.000000 0.000000 0.000000 1.000000
0.999224 -0.021470 -0.033023 -0.006600 0.018035 0.994724 -0.100991 12.711700 0.035017 0.100317 0.994339 -1.491800 0.000000 0.000000 0.000000 1.000000
0.999895 0.005330 -0.013500 -0.006600 -0.006084 0.998387 -0.056444 12.711700 0.013178 0.056520 0.998315 -1.491800 0.000000 0.000000 0.000000 1.000000
0.999461 0.029736 -0.013918 -0.006600 -0.030137 0.999108 -0.029567 12.711700 0.013027 0.029970 0.999466 -1.491800 0.000000 0.000000 0.000000 1.000000
0.999035 0.039300 -0.019617 -0.006600 -0.040107 0.998286 -0.042620 12.711700 0.017909 0.043366 0.998899 -1.491800 0.000000 0.000000 0.000000 1.000000
0.998773 0.045847 -0.018700 -0.006600 -0.046648 0.997902 -0.044905 12.711700 0.016602 0.045723 0.998816 -1.491800 0.000000 0.000000 0.000000 1.000000
0.998755 0.046795 -0.017284 -0.006600 -0.047611 0.997599 -0.050295 12.711700 0.014889 0.051055 0.998585 -1.491800 0.000000 0.000000 0.000000 1.000000
0.998884 0.042429 -0.020767 -0.006600 -0.043602 0.997262 -0.059732 12.711700 0.018176 0.060571 0.997998 -1.491800 0.000000 0.000000 0.000000 1.000000
0.999006 0.035600 -0.026841 -0.006600 -0.037392 0.996879 -0.069521 12.711700 0.024282 0.070455 0.997219 -1.491800 0.000000 0.000000 0.000000 1.000000
0.999055 0.028233 -0.033052 -0.006600 -0.030822 0.996268 -0.080619 12.711700 0.030653 0.081561 0.996197 -1.491800 0.000000 0.000000 0.000000 1.000000
0.999050 0.019601 -0.038914 -0.006600 -0.023111 0.995498 -0.091922 12.711700 0.036937 0.092734 0.995006 -1.491800 0.000000 0.000000 0.000000 1.000000
0.998987 0.011315 -0.043545 -0.006600 -0.015662 0.994783 -0.100801 12.711700 0.042177 0.101381 0.993953 -1.491800 0.000000 0.000000 0.000000 1.000000
0.998912 0.004881 -0.046375 -0.006600 -0.009802 0.994265 -0.106496 12.711700 0.045589 0.106835 0.993231 -1.491800 0.000000 0.000000 0.000000 1.000000
0.998842 0.001701 -0.048087 -0.006600 -0.006832 0.994264 -0.106740 12.711700 0.047630 0.106945 0.993123 -1.491800 0.000000 0.000000 0.000000 1.000000
0.998781 0.000633 -0.049349 -0.006600 -0.005810 0.994472 -0.104839 12.711700 0.049010 0.104998 0.993264 -1.491800 0.000000 0.000000 0.000000 1.000000
0.998779 0.001577 -0.049375 -0.006600 -0.006564 0.994864 -0.101011 12.711700 0.048962 0.101211 0.993659 -1.491800 0.000000 0.000000 0.000000 1.000000
0.998855 0.004893 -0.047580 -0.006600 -0.009480 0.995272 -0.096665 12.711700 0.046882 0.097006 0.994179 -1.491800 0.000000 0.000000 0.000000 1.000000
0.998932 0.010211 -0.045068 -0.006600 -0.014354 0.995602 -0.092583 12.711700 0.043924 0.093130 0.994685 -1.491800 0.000000 0.000000 0.000000 1.000000
0.999002 0.015848 -0.041759 -0.006600 -0.019501 0.995880 -0.088558 12.711700 0.040184 0.089284 0.995195 -1.491800 0.000000 0.000000 0.000000 1.000000
0.999021 0.020531 -0.039174 -0.006600 -0.023828 0.996042 -0.085625 12.711700 0.037261 0.086475 0.995557 -1.491800 0.000000 0.000000 0.000000 1.000000
0.999030 0.023237 -0.037416 -0.006600 -0.026317 0.996113 -0.084056 12.711700 0.035317 0.084959 0.995758 -1.491800 0.000000 0.000000 0.000000 1.000000</float_array><technique_common><accessor source="#Spine1-Matrix-animation-output-transform-array" count="66" stride="16"><param type="float4x4"/></accessor></technique_common></source><source id="Spine1-Interpolations"><Name_array id="Spine1-Interpolations-array" count="66">
 LINEAR LINEAR LINEAR LINEAR LINEAR LINEAR LINEAR LINEAR LINEAR LINEAR LINEAR
LINEAR LINEAR LINEAR LINEAR LINEAR LINEAR LINEAR LINEAR LINEAR LINEAR LINEAR LINEAR
LINEAR LINEAR LINEAR LINEAR LINEAR LINEAR LINEAR LINEAR LINEAR LINEAR LINEAR LINEAR
LINEAR LINEAR LINEAR LINEAR LINEAR LINEAR LINEAR LINEAR LINEAR LINEAR LINEAR LINEAR
LINEAR LINEAR LINEAR LINEAR LINEAR LINEAR LINEAR LINEAR LINEAR LINEAR LINEAR LINEAR
LINEAR LINEAR LINEAR LINEAR LINEAR LINEAR LINEAR</Name_array><technique_common><accessor source="#Spine1-Interpolations-array" count="66"><param type="name"/></accessor></technique_common></source><sampler id="Spine1-Matrix-animation-transform"><input semantic="INPUT" source="#Spine1-Matrix-animation-input"/><input semantic="OUTPUT" source="#Spine1-Matrix-animation-output-transform"/><input semantic="INTERPOLATION" source="#Spine1-Interpolations"/></sampler><channel source="#Spine1-Matrix-animation-transform" target="Spine1/matrix"/></animation>
    <animation id="Spine2-anim" name="Spine2"><source id="Spine2-Matrix-animation-input"><float_array id="Spine2-Matrix-animation-input-array" count="66">

0.000000 0.033333 0.066667 0.100000 0.133333 0.166667 0.200000 0.233333 0.266667 0.300000 0.333333 0.366667 0.400000 0.433333 0.466667 0.500000
0.533333 0.566667 0.600000 0.633333 0.666667 0.700000 0.733333 0.766667 0.800000 0.833333 0.866667 0.900000 0.933333 0.966667 1.000000 1.033333
1.066667 1.100000 1.133333 1.166667 1.200000 1.233333 1.266667 1.300000 1.333333 1.366667 1.400000 1.433333 1.466667 1.500000 1.533333 1.566667
1.600000 1.633333 1.666667 1.700000 1.733333 1.766667 1.800000 1.833333 1.866667 1.900000 1.933333 1.966667 2.000000 2.033333 2.066667 2.100000
2.133333 2.166667</float_array><technique_common><accessor source="#Spine2-Matrix-animation-input-array" count="66"><param name="TIME" type="float"/></accessor></technique_common></source><source id="Spine2-Matrix-animation-output-transform"><float_array id="Spine2-Matrix-animation-output-transform-array" count="1056">

0.999575 -0.018316 0.022667 -0.007600 0.018403 0.999824 -0.003651 14.527700 -0.022596 0.004067 0.999736 -1.704900 0.000000 0.000000 0.000000 1.000000
0.999655 -0.022360 0.013810 -0.007600 0.022480 0.999710 -0.008588 14.527700 -0.013614 0.008896 0.999868 -1.704900 0.000000 0.000000 0.000000 1.000000
0.999414 -0.033224 -0.008255 -0.007600 0.033040 0.999224 -0.021425 14.527700 0.008960 0.021140 0.999736 -1.704900 0.000000 0.000000 0.000000 1.000000
0.998123 -0.048996 -0.036730 -0.007600 0.047550 0.998097 -0.039248 14.527700 0.038583 0.037428 0.998554 -1.704900 0.000000 0.000000 0.000000 1.000000
0.995595 -0.067761 -0.064800 -0.007600 0.063974 0.996215 -0.058840 14.527700 0.068542 0.054435 0.996162 -1.704900 0.000000 0.000000 0.000000 1.000000
0.992462 -0.087610 -0.085693 -0.007600 0.081123 0.993767 -0.076455 14.527700 0.091857 0.068927 0.993384 -1.704900 0.000000 0.000000 0.000000 1.000000
0.989963 -0.106642 -0.092740 -0.007600 0.098558 0.991252 -0.087779 14.527700 0.101290 0.077758 0.991813 -1.704900 0.000000 0.000000 0.000000 1.000000
0.990391 -0.121560 -0.065952 -0.007600 0.115749 0.989570 -0.085751 14.527700 0.075688 0.077293 0.994131 -1.704900 0.000000 0.000000 0.000000 1.000000
0.990811 -0.133134 -0.023846 -0.007600 0.131237 0.988977 -0.068572 14.527700 0.032713 0.064813 0.997361 -1.704900 0.000000 0.000000 0.000000 1.000000
0.990239 -0.139204 0.007041 -0.007600 0.139382 0.989082 -0.047858 14.527700 -0.000302 0.048372 0.998829 -1.704900 0.000000 0.000000 0.000000 1.000000
0.992423 -0.122208 0.012753 -0.007600 0.122389 0.992376 -0.014521 14.527700 -0.010881 0.015972 0.999813 -1.704900 0.000000 0.000000 0.000000 1.000000
