<?xml version="1.0" encoding="utf-8"?>
<COLLADA xmlns="http://www.collada.org/2005/11/COLLADASchema" version="1.4.1">
  <asset><contributor><author>Mixamo</author><authoring_tool>COLLADA Mixamo exporter</authoring_tool><comments></comments></contributor><created>2018-10-21T18:49:54Z</created><modified>2018-10-21T18:49:54Z</modified><revision></revision><title></title><unit meter="0.010000"/><up_axis>Y_UP</up_axis></asset>
  <library_animations>
    <animation id="Hips-anim" name="Hips"><source id="Hips-Matrix-animation-input"><float_array id="Hips-Matrix-animation-input-array" count="20">

0.000000 0.033333 0.066667 0.100000 0.133333 0.166667 0.200000 0.233333 0.266667 0.300000 0.333333 0.366667 0.400000 0.433333 0.466667 0.500000
0.533333 0.566667 0.600000 0.633333</float_array><technique_common><accessor source="#Hips-Matrix-animation-input-array" count="20"><param name="TIME" type="float"/></accessor></technique_common></source><source id="Hips-Matrix-animation-output-transform"><float_array id="Hips-Matrix-animation-output-transform-array" count="320">

0.990512 -0.071234 0.117524 0.848344 0.078256 0.995345 -0.056250 106.572380 -0.112970 0.064913 0.991476 2.654210 0.000000 0.000000 0.000000 1.000000
0.993980 -0.045405 0.099714 1.198243 0.053621 0.995244 -0.081333 109.621284 -0.095547 0.086190 0.991686 10.399625 0.000000 0.000000 0.000000 1.000000
0.994505 -0.025057 0.101644 1.405431 0.035306 0.994328 -0.100326 112.681648 -0.098553 0.103363 0.989749 17.887732 0.000000 0.000000 0.000000 1.000000
0.993514 -0.027039 0.110446 1.342435 0.038577 0.993860 -0.103704 113.499161 -0.106964 0.107292 0.988457 25.078501 0.000000 0.000000 0.000000 1.000000
0.994982 -0.028493 0.095913 1.047759 0.035382 0.996855 -0.070915 112.328400 -0.093591 0.073953 0.992860 31.976662 0.000000 0.000000 0.000000 1.000000
0.998578 -0.012999 0.051708 0.546614 0.013977 0.999729 -0.018600 109.904938 -0.051452 0.019296 0.998489 38.629448 0.000000 0.000000 0.000000 1.000000
0.999982 0.005432 0.002640 -0.086376 -0.005444 0.999974 0.004677 106.371033 -0.002615 -0.004691 0.999986 44.759346 0.000000 0.000000 0.000000 1.000000
0.999575 0.014887 -0.025054 -0.757086 -0.015000 0.999878 -0.004332 103.876160 0.024986 0.004706 0.999677 50.590042 0.000000 0.000000 0.000000 1.000000
0.999622 0.015961 -0.022378 -1.350380 -0.016496 0.999578 -0.023923 104.478706 0.021987 0.024283 0.999463 57.209270 0.000000 0.000000 0.000000 1.000000
0.999993 0.002165 -0.002911 -1.768843 -0.002305 0.998798 -0.048960 107.244644 0.002801 0.048966 0.998797 64.723358 0.000000 0.000000 0.000000 1.000000
0.999415 -0.032583 0.010424 -2.009727 0.033267 0.996695 -0.074109 110.337860 -0.007975 0.074412 0.997196 72.476562 0.000000 0.000000 0.000000 1.000000
0.997844 -0.065098 0.008323 -2.044450 0.065594 0.993360 -0.094518 112.890862 -0.002115 0.094860 0.995488 80.175713 0.000000 0.000000 0.000000 1.000000
0.997161 -0.075038 -0.006189 -1.832443 0.073918 0.991275 -0.109131 113.672066 0.014324 0.108364 0.994008 87.615402 0.000000 0.000000 0.000000 1.000000
0.997075 -0.072916 -0.022922 -1.468481 0.070258 0.992421 -0.100819 112.414474 0.030100 0.098914 0.994641 94.518547 0.000000 0.000000 0.000000 1.000000
0.997423 -0.069510 -0.017763 -1.027914 0.068484 0.996244 -0.052988 110.401833 0.021379 0.051635 0.998437 100.760353 0.000000 0.000000 0.000000 1.000000
0.997495 -0.067184 0.022128 -0.581721 0.067264 0.997731 -0.002912 107.883018 -0.021883 0.004393 0.999751 106.609772 0.000000 0.000000 0.000000 1.000000
0.994413 -0.070481 0.078588 -0.208254 0.070012 0.997508 0.008710 105.102959 -0.079007 -0.003160 0.996869 112.634529 0.000000 0.000000 0.000000 1.000000
0.989591 -0.079420 0.120007 0.105767 0.080731 0.996717 -0.006093 103.607498 -0.119130 0.015718 0.992754 118.994232 0.000000 0.000000 0.000000 1.000000
0.987936 -0.083445 0.130455 0.442641 0.088016 0.995677 -0.029663 104.445518 -0.127416 0.040788 0.991010 125.787804 0.000000 0.000000 0.000000 1.000000
0.990514 -0.071119 0.117577 0.847770 0.078144 0.995354 -0.056251 106.646317 -0.113030 0.064906 0.991469 133.069672 0.000000 0.000000 0.000000 1.000000</float_array><technique_common><accessor source="#Hips-Matrix-animation-output-transform-array" count="20" stride="16"><param type="float4x4"/></accessor></technique_common></source><source id="Hips-Interpolations"><Name_array id="Hips-Interpolations-array" count="20">
 LINEAR LINEAR LINEAR LINEAR LINEAR LINEAR LINEAR LINEAR LINEAR LINEAR LINEAR
LINEAR LINEAR LINEAR LINEAR LINEAR LINEAR LINEAR LINEAR LINEAR</Name_array><technique_common><accessor source="#Hips-Interpolations-array" count="20"><param type="name"/></accessor></technique_common></source><sampler id="Hips-Matrix-animation-transform"><input semantic="INPUT" source="#Hips-Matrix-animation-input"/><input semantic="OUTPUT" source="#Hips-Matrix-animation-output-transform"/><input semantic="INTERPOLATION" source="#Hips-Interpolations"/></sampler><channel source="#Hips-Matrix-animation-transform" target="Hips/matrix"/></animation>
    <animation id="Spine-anim" name="Spine"><source id="Spine-Matrix-animation-input"><float_array id="Spine-Matrix-animation-input-array" count="20">

0.000000 0.033333 0.066667 0.100000 0.133333 0.166667 0.200000 0.233333 0.266667 0.300000 0.333333 0.366667 0.400000 0.433333 0.466667 0.500000
0.533333 0.566667 0.600000 0.633333</float_array><technique_common><accessor source="#Spine-Matrix-animation-input-array" count="20"><param name="TIME" type="float"/></accessor></technique_common></source><source id="Spine-Matrix-animation-output-transform"><float_array id="Spine-Matrix-animation-output-transform-array" count="320">

0.998692 0.050792 0.005907 -0.005700 -0.050816 0.998700 0.003984 10.895800 -0.005697 -0.004279 0.999975 -1.278700 0.000000 0.000000 0.000000 1.000000
0.999202 0.033677 -0.021494 -0.005700 -0.033688 0.999432 -0.000128 10.895800 0.021478 0.000852 0.999769 -1.278700 0.000000 0.000000 0.000000 1.000000
0.999051 0.016845 -0.040158 -0.005700 -0.016276 0.999763 0.014444 10.895800 0.040392 -0.013777 0.999089 -1.278700 0.000000 0.000000 0.000000 1.000000
0.998737 0.009713 -0.049300 -0.005700 -0.008471 0.999643 0.025350 10.895800 0.049528 -0.024900 0.998462 -1.278700 0.000000 0.000000 0.000000 1.000000
0.998946 0.005432 -0.045568 -0.005700 -0.004403 0.999734 0.022657 10.895800 0.045679 -0.022432 0.998704 -1.278700 0.000000 0.000000 0.000000 1.000000
0.999550 0.000234 -0.029981 -0.005700 0.000101 0.999937 0.011193 10.895800 0.029982 -0.011191 0.999488 -1.278700 0.000000 0.000000 0.000000 1.000000
0.999967 -0.001683 -0.007970 -0.005700 0.001704 0.999995 0.002716 10.895800 0.007966 -0.002730 0.999965 -1.278700 0.000000 0.000000 0.000000 1.000000
0.999886 0.002321 0.014947 -0.005700 -0.002361 0.999994 0.002596 10.895800 -0.014941 -0.002631 0.999885 -1.278700 0.000000 0.000000 0.000000 1.000000
0.999356 0.013035 0.033421 -0.005700 -0.013247 0.999893 0.006135 10.895800 -0.033338 -0.006574 0.999423 -1.278700 0.000000 0.000000 0.000000 1.000000
0.998366 0.033984 0.045947 -0.005700 -0.034349 0.999384 0.007175 10.895800 -0.045674 -0.008742 0.998918 -1.278700 0.000000 0.000000 0.000000 1.000000
0.996451 0.063794 0.054920 -0.005700 -0.064256 0.997911 0.006686 10.895800 -0.054379 -0.010192 0.998468 -1.278700 0.000000 0.000000 0.000000 1.000000
0.994137 0.088461 0.062173 -0.005700 -0.089178 0.995976 0.008846 10.895800 -0.061140 -0.014338 0.998026 -1.278700 0.000000 0.000000 0.000000 1.000000
0.992908 0.096554 0.069365 -0.005700 -0.097648 0.995142 0.012555 10.895800 -0.067816 -0.019240 0.997512 -1.278700 0.000000 0.000000 0.000000 1.000000
0.993233 0.087064 0.076867 -0.005700 -0.088213 0.996033 0.011676 10.895800 -0.075546 -0.018377 0.996973 -1.278700 0.000000 0.000000 0.000000 1.000000
0.994355 0.069817 0.079900 -0.005700 -0.070314 0.997519 0.003429 10.895800 -0.079463 -0.009028 0.996797 -1.278700 0.000000 0.000000 0.000000 1.000000
0.995777 0.055269 0.073303 -0.005700 -0.054971 0.998469 -0.006073 10.895800 -0.073527 0.002018 0.997291 -1.278700 0.000000 0.000000 0.000000 1.000000
0.997180 0.049339 0.056540 -0.005700 -0.048900 0.998762 -0.009128 10.895800 -0.056920 0.006338 0.998359 -1.278700 0.000000 0.000000 0.000000 1.000000
0.998112 0.050339 0.035185 -0.005700 -0.050155 0.998723 -0.006075 10.895800 -0.035446 0.004299 0.999362 -1.278700 0.000000 0.000000 0.000000 1.000000
0.998659 0.049636 0.014732 -0.005700 -0.049604 0.998766 -0.002526 10.895800 -0.014839 0.001791 0.999888 -1.278700 0.000000 0.000000 0.000000 1.000000
0.999165 0.040650 -0.004200 -0.005700 -0.040650 0.999173 0.000086 10.895800 0.004200 0.000085 0.999991 -1.278700 0.000000 0.000000 0.000000 1.000000</float_array><technique_common><accessor source="#Spine-Matrix-animation-output-transform-array" count="20" stride="16"><param type="float4x4"/></accessor></technique_common></source><source id="Spine-Interpolations"><Name_array id="Spine-Interpolations-array" count="20">
 LINEAR LINEAR LINEAR LINEAR LINEAR LINEAR LINEAR LINEAR LINEAR LINEAR LINEAR
LINEAR LINEAR LINEAR LINEAR LINEAR LINEAR LINEAR LINEAR LINEAR</Name_array><technique_common><accessor source="#Spine-Interpolations-array" count="20"><param type="name"/></accessor></technique_common></source><sampler id="Spine-Matrix-animation-transform"><input semantic="INPUT" source="#Spine-Matrix-animation-input"/><input semantic="OUTPUT" source="#Spine-Matrix-animation-output-transform"/><input semantic="INTERPOLATION" source="#Spine-Interpolations"/></sampler><channel source="#Spine-Matrix-animation-transform" target="Spine/matrix"/></animation>
    <animation id="Spine1-anim" name="Spine1"><source id="Spine1-Matrix-animation-input"><float_array id="Spine1-Matrix-animation-input-array" count="20">

0.000000 0.033333 0.066667 0.100000 0.133333 0.166667 0.200000 0.233333 0.266667 0.300000 0.333333 0.366667 0.400000 0.433333 0.466667 0.500000
0.533333 0.566667 0.600000 0.633333</float_array><technique_common><accessor source="#Spine1-Matrix-animation-input-array" count="20"><param name="TIME" type="float"/></accessor></technique_common></source><source id="Spine1-Matrix-animation-output-transform"><float_array id="Spine1-Matrix-animation-output-transform-array" count="320">

0.999464 0.029271 -0.014680 -0.006600 -0.029255 0.999571 0.001302 12.711700 0.014712 -0.000872 0.999891 -1.491800 0.000000 0.000000 0.000000 1.000000
0.998088 0.000591 -0.061803 -0.006600 -0.000591 1.000000 0.000023 12.711700 0.061803 0.000014 0.998088 -1.491800 0.000000 0.000000 0.000000 1.000000
0.995323 -0.015559 -0.095340 -0.006600 0.017395 0.999678 0.018463 12.711700 0.095022 -0.020035 0.995274 -1.491800 0.000000 0.000000 0.000000 1.000000
0.993535 -0.018742 -0.111973 -0.006600 0.022283 0.999288 0.030456 12.711700 0.111322 -0.032754 0.993244 -1.491800 0.000000 0.000000 0.000000 1.000000
0.994164 -0.017063 -0.106524 -0.006600 0.019646 0.999537 0.023244 12.711700 0.106078 -0.025201 0.994038 -1.491800 0.000000 0.000000 0.000000 1.000000
0.996628 -0.017497 -0.080159 -0.006600 0.017884 0.999832 0.004109 12.711700 0.080074 -0.005529 0.996774 -1.491800 0.000000 0.000000 0.000000 1.000000
0.999051 -0.017045 -0.040087 -0.006600 0.016708 0.999822 -0.008739 12.711700 0.040229 0.008061 0.999158 -1.491800 0.000000 0.000000 0.000000 1.000000
0.999965 -0.007113 0.004480 -0.006600 0.007142 0.999954 -0.006470 12.711700 -0.004434 0.006502 0.999969 -1.491800 0.000000 0.000000 0.000000 1.000000
0.998866 0.016999 0.044478 -0.006600 -0.017155 0.999848 0.003136 12.711700 -0.044418 -0.003895 0.999005 -1.491800 0.000000 0.000000 0.000000 1.000000
0.995931 0.050960 0.074327 -0.006600 -0.051793 0.998614 0.009321 12.711700 -0.073749 -0.013133 0.997190 -1.491800 0.000000 0.000000 0.000000 1.000000
0.991829 0.084468 0.095607 -0.006600 -0.086092 0.996203 0.012978 12.711700 -0.094147 -0.021103 0.995335 -1.491800 0.000000 0.000000 0.000000 1.000000
0.987747 0.107314 0.113308 -0.006600 -0.110330 0.993680 0.020671 12.711700 -0.110374 -0.032919 0.993345 -1.491800 0.000000 0.000000 0.000000 1.000000
0.985049 0.113923 0.129228 -0.006600 -0.118702 0.992480 0.029875 12.711700 -0.124853 -0.044768 0.991165 -1.491800 0.000000 0.000000 0.000000 1.000000
0.984536 0.105576 0.139791 -0.006600 -0.110621 0.993445 0.028804 12.711700 -0.135834 -0.043823 0.989762 -1.491800 0.000000 0.000000 0.000000 1.000000
0.986271 0.090521 0.138114 -0.006600 -0.093089 0.995583 0.012236 12.711700 -0.136396 -0.024925 0.990341 -1.491800 0.000000 0.000000 0.000000 1.000000
0.989757 0.078953 0.118944 -0.006600 -0.078454 0.996878 -0.008883 12.711700 -0.119274 -0.000540 0.992861 -1.491800 0.000000 0.000000 0.000000 1.000000
0.993680 0.074303 0.084140 -0.006600 -0.072927 0.997150 -0.019312 12.711700 -0.085335 0.013054 0.996267 -1.491800 0.000000 0.000000 0.000000 1.000000
0.996688 0.069012 0.043014 -0.006600 -0.068360 0.997525 -0.016457 12.711700 -0.044043 0.013463 0.998939 -1.491800 0.000000 0.000000 0.000000 1.000000
0.998573 0.053223 0.004442 -0.006600 -0.053180 0.998542 -0.009229 12.711700 -0.004927 0.008980 0.999948 -1.491800 0.000000 0.000000 0.000000 1.000000
0.999191 0.026455 -0.030294 -0.006600 -0.026554 0.999643 -0.002898 12.711700 0.030206 0.003700 0.999537 -1.491800 0.000000 0.000000 0.000000 1.000000</float_array><technique_common><accessor source="#Spine1-Matrix-animation-output-transform-array" count="20" stride="16"><param type="float4x4"/></accessor></technique_common></source><source id="Spine1-Interpolations"><Name_array id="Spine1-Interpolations-array" count="20">
 LINEAR LINEAR LINEAR LINEAR LINEAR LINEAR LINEAR LINEAR LINEAR LINEAR LINEAR
LINEAR LINEAR LINEAR LINEAR LINEAR LINEAR LINEAR LINEAR LINEAR</Name_array><technique_common><accessor source="#Spine1-Interpolations-array" count="20"><param type="name"/></accessor></technique_common></source><sampler id="Spine1-Matrix-animation-transform"><input semantic="INPUT" source="#Spine1-Matrix-animation-input"/><input semantic="OUTPUT" source="#Spine1-Matrix-animation-output-transform"/><input semantic="INTERPOLATION" source="#Spine1-Interpolations"/></sampler><channel source="#Spine1-Matrix-animation-transform" target="Spine1/matrix"/></animation>
    <animation id="Spine2-anim" name="Spine2"><source id="Spine2-Matrix-animation-input"><float_array id="Spine2-Matrix-animation-input-array" count="20">

0.000000 0.033333 0.066667 0.100000 0.133333 0.166667 0.200000 0.233333 0.266667 0.300000 0.333333 0.366667 0.400000 0.433333 0.466667 0.500000
0.533333 0.566667 0.600000 0.633333</float_array><technique_common><accessor source="#Spine2-Matrix-animation-input-array" count="20"><param name="TIME" type="float"/></accessor></technique_common></source><source id="Spine2-Matrix-animation-output-transform"><float_array id="Spine2-Matrix-animation-output-transform-array" count="320">

0.999467 0.029181 -0.014629 -0.007600 -0.029167 0.999574 0.001128 14.527700 0.014656 -0.000701 0.999892 -1.704900 0.000000 0.000000 0.000000 1.000000
0.998111 0.000999 -0.061435 -0.007600 -0.001106 0.999998 -0.001709 14.527700 0.061433 0.001774 0.998110 -1.704900 0.000000 0.000000 0.000000 1.000000
0.995312 -0.015223 -0.095513 -0.007600 0.016863 0.999723 0.016389 14.527700 0.095237 -0.017923 0.995293 -1.704900 0.000000 0.000000 0.000000 1.000000
0.993489 -0.018836 -0.112360 -0.007600 0.022189 0.999343 0.028665 14.527700 0.111747 -0.030971 0.993254 -1.704900 0.000000 0.000000 0.000000 1.000000
0.994135 -0.017667 -0.106698 -0.007600 0.020102 0.999561 0.021785 14.527700 0.106266 -0.023802 0.994053 -1.704900 0.000000 0.000000 0.000000 1.000000
0.996629 -0.018351 -0.079967 -0.007600 0.018646 0.999822 0.002941 14.527700 0.079899 -0.004422 0.996793 -1.704900 0.000000 0.000000 0.000000 1.000000
0.999056 -0.017709 -0.039674 -0.007600 0.017350 0.999805 -0.009384 14.527700 0.039832 0.008687 0.999169 -1.704900 0.000000 0.000000 0.000000 1.000000
0.999962 -0.007272 0.004758 -0.007600 0.007303 0.999953 -0.006409 14.527700 -0.004711 0.006444 0.999968 -1.704900 0.000000 0.000000 0.000000 1.000000
0.998865 0.017276 0.044399 -0.007600 -0.017448 0.999842 0.003496 14.527700 -0.044331 -0.004266 0.999008 -1.704900 0.000000 0.000000 0.000000 1.000000
0.995933 0.051391 0.074001 -0.007600 -0.052193 0.998597 0.008935 14.527700 -0.073438 -0.012761 0.997218 -1.704900 0.000000 0.000000 0.000000 1.000000
0.991812 0.085102 0.095222 -0.007600 -0.086518 0.996191 0.010843 14.527700 -0.093937 -0.018993 0.995397 -1.704900 0.000000 0.000000 0.000000 1.000000
0.987669 0.108518 0.112846 -0.007600 -0.111083 0.993671 0.016673 14.527700 -0.110322 -0.029003 0.993473 -1.704900 0.000000 0.000000 0.000000 1.000000
0.984923 0.115727 0.128583 -0.007600 -0.119883 0.992472 0.025036 14.527700 -0.124717 -0.040073 0.991383 -1.704900 0.000000 0.000000 0.000000 1.000000
0.984452 0.107298 0.139074 -0.007600 -0.111751 0.993432 0.024596 14.527700 -0.135521 -0.039755 0.989977 -1.704900 0.000000 0.000000 0.000000 1.000000
0.986263 0.091275 0.137677 -0.007600 -0.093463 0.995577 0.009499 14.527700 -0.136201 -0.022236 0.990432 -1.704900 0.000000 0.000000 0.000000 1.000000
0.989789 0.078544 0.118949 -0.007600 -0.077856 0.996910 -0.010430 14.527700 -0.119401 0.001062 0.992846 -1.704900 0.000000 0.000000 0.000000 1.000000
0.993732 0.073337 0.084371 -0.007600 -0.071852 0.997204 -0.020511 14.527700 -0.085639 0.014320 0.996223 -1.704900 0.000000 0.000000 0.000000 1.000000
0.996733 0.068222 0.043233 -0.007600 -0.067508 0.997560 -0.017788 14.527700 -0.044341 0.014812 0.998907 -1.704900 0.000000 0.000000 0.000000 1.000000
0.998587 0.052930 0.004634 -0.007600 -0.052878 0.998543 -0.010732 14.527700 -0.005196 0.010472 0.999932 -1.704900 0.000000 0.000000 0.000000 1.000000
0.999193 0.026571 -0.030124 -0.007600 -0.026721 0.999632 -0.004583 14.527700 0.029991 0.005384 0.999536 -1.704900 0.000000 0.000000 0.000000 1.000000</float_array><technique_common><accessor source="#Spine2-Matrix-animation-output-transform-array" count="20" stride="16"><param type="float4x4"/></accessor></technique_common></source><source id="Spine2-Interpolations"><Name_array id="Spine2-Interpolations-array" count="20">
 LINEAR LINEAR LINEAR LINEAR LINEAR LINEAR LINEAR LINEAR LINEAR LINEAR LINEAR
LINEAR LINEAR LINEAR LINEAR LINEAR LINEAR LINEAR LINEAR LINEAR</Name_array><technique_common><accessor source="#Spine2-Interpolations-array" count="20"><param type="name"/></accessor></technique_common></source><sampler id="Spine2-Matrix-animation-transform"><input semantic="INPUT" source="#Spine2-Matrix-animation-input"/><input semantic="OUTPUT" source="#Spine2-Matrix-animation-output-transform"/><input semantic="INTERPOLATION" source="#Spine2-Interpolations"/></sampler><channel source="#Spine2-Matrix-animation-transform" target="Spine2/matrix"/></animation>
    <animation id="Neck-anim" name="Neck"><source id="Neck-Matrix-animation-input"><float_array id="Neck-Matrix-animation-input-array" count="20">

0.000000 0.033333 0.066667 0.100000 0.133333 0.166667 0.200000 0.233333 0.266667 0.300000 0.333333 0.366667 0.400000 0.433333 0.466667 0.500000
0.533333 0.566667 0.600000 0.633333</float_array><technique_common><accessor source="#Neck-Matrix-animation-input-array" count="20"><param name="TIME" type="float"/></accessor></technique_common></source><source id="Neck-Matrix-animation-output-transform"><float_array id="Neck-Matrix-animation-output-transform-array" count="320">

0.997519 -0.062049 -0.033268 -0.008500 0.063971 0.996133 0.060219 16.343599 0.029403 -0.062198 0.997631 -1.918000 0.000000 0.000000 0.000000 1.000000
0.998559 -0.051966 -0.013425 -0.008500 0.052942 0.994777 0.087272 16.343599 0.008820 -0.087857 0.996094 -1.918000 0.000000 0.000000 0.000000 1.000000
0.998990 -0.044935 0.000272 -0.008500 0.044678 0.993891 0.100918 16.343599 -0.004805 -0.100804 0.994895 -1.918000 0.000000 0.000000 0.000000 1.000000
0.999190 -0.039607 0.007111 -0.008500 0.038715 0.994380 0.098532 16.343599 -0.010973 -0.098177 0.995108 -1.918000 0.000000 0.000000 0.000000 1.000000
0.999337 -0.035470 0.008262 -0.008500 0.034667 0.995974 0.082674 16.343599 -0.011161 -0.082333 0.996542 -1.918000 0.000000 0.000000 0.000000 1.000000
0.999388 -0.034505 0.005797 -0.008500 0.034075 0.997456 0.062607 16.343599 -0.007942 -0.062371 0.998021 -1.918000 0.000000 0.000000 0.000000 1.000000
0.999218 -0.039547 0.000320 -0.008500 0.039487 0.998096 0.047388 16.343599 -0.002194 -0.047338 0.998877 -1.918000 0.000000 0.000000 0.000000 1.000000
0.998602 -0.051934 -0.009878 -0.008500 0.052273 0.997913 0.037916 16.343599 0.007888 -0.038379 0.999232 -1.918000 0.000000 0.000000 0.000000 1.000000
0.997122 -0.070992 -0.026605 -0.008500 0.071791 0.996956 0.030410 16.343599 0.024365 -0.032232 0.999183 -1.918000 0.000000 0.000000 0.000000 1.000000
0.994459 -0.093336 -0.048363 -0.008500 0.094661 0.995174 0.025866 16.343599 0.045715 -0.030301 0.998495 -1.918000 0.000000 0.000000 0.000000 1.000000
0.991186 -0.112559 -0.069869 -0.008500 0.114793 0.992972 0.028810 16.343599 0.066135 -0.036577 0.997140 -1.918000 0.000000 0.000000 0.000000 1.000000
0.988867 -0.122025 -0.085161 -0.008500 0.125532 0.991396 0.037099 16.343599 0.079901 -0.047376 0.995676 -1.918000 0.000000 0.000000 0.000000 1.000000
0.988635 -0.119374 -0.091383 -0.008500 0.123512 0.991495 0.041028 16.343599 0.085708 -0.051849 0.994970 -1.918000 0.000000 0.000000 0.000000 1.000000
0.989927 -0.108812 -0.090579 -0.008500 0.112392 0.993033 0.035395 16.343599 0.086097 -0.045218 0.995260 -1.918000 0.000000 0.000000 0.000000 1.000000
0.991276 -0.098362 -0.087728 -0.008500 0.101034 0.994529 0.026541 16.343599 0.084638 -0.035173 0.995791 -1.918000 0.000000 0.000000 0.000000 1.000000
0.991969 -0.093067 -0.085648 -0.008500 0.095385 0.995166 0.023370 16.343599 0.083059 -0.031352 0.996051 -1.918000 0.000000 0.000000 0.000000 1.000000
0.992483 -0.090856 -0.081987 -0.008500 0.093302 0.995285 0.026502 16.343599 0.079193 -0.033952 0.996281 -1.918000 0.000000 0.000000 0.000000 1.000000
0.993666 -0.086071 -0.072249 -0.008500 0.088592 0.995540 0.032440 16.343599 0.069134 -0.038635 0.996859 -1.918000 0.000000 0.000000 0.000000 1.000000
0.995578 -0.076086 -0.055087 -0.008500 0.078509 0.995975 0.043249 16.343599 0.051575 -0.047382 0.997544 -1.918000 0.000000 0.000000 0.000000 1.000000
0.997414 -0.063427 -0.033813 -0.008500 0.065449 0.995896 0.062514 16.343599 0.029709 -0.064566 0.997471 -1.918000 0.000000 0.000000 0.000000 1.000000</float_array><technique_common><accessor source="#Neck-Matrix-animation-output-transform-array" count="20" stride="16"><param type="float4x4"/></accessor></technique_common></source><source id="Neck-Interpolations"><Name_array id="Neck-Interpolations-array" count="20">
 LINEAR LINEAR LINEAR LINEAR LINEAR LINEAR LINEAR LINEAR LINEAR LINEAR LINEAR
LINEAR LINEAR LINEAR LINEAR LINEAR LINEAR LINEAR LINEAR LINEAR</Name_array><technique_common><accessor source="#Neck-Interpolations-array" count="20"><param type="name"/></accessor></technique_common></source><sampler id="Neck-Matrix-animation-transform"><input semantic="INPUT" source="#Neck-Matrix-animation-input"/><input semantic="OUTPUT" source="#Neck-Matrix-animation-output-transform"/><input semantic="INTERPOLATION" source="#Neck-Interpolations"/></sampler><channel source="#Neck-Matrix-animation-transform" target="Neck/matrix"/></animation>
    <animation id="Head-anim" name="Head"><source id="Head-Matrix-animation-input"><float_array id="Head-Matrix-animation-input-array" count="20">

0.000000 0.033333 0.066667 0.100000 0.133333 0.166667 0.200000 0.233333 0.266667 0.300000 0.333333 0.366667 0.400000 0.433333 0.466667 0.500000
0.533333 0.566667 0.600000 0.633333</float_array><technique_common><accessor source="#Head-Matrix-animation-input-array" count="20"><param name="TIME" type="float"/></accessor></technique_common></source><source id="Head-Matrix-animation-output-transform"><float_array id="Head-Matrix-animation-output-transform-array" count="320">

0.996812 -0.006582 -0.079515 0.000000 0.012260 0.997392 0.071132 7.472600 0.078840 -0.071880 0.994292 1.897700 0.000000 0.000000 0.000000 1.000000
0.998987 0.041541 0.017311 0.000000 -0.042216 0.998282 0.040634 7.472600 -0.015593 -0.041324 0.999024 1.897700 0.000000 0.000000 0.000000 1.000000
0.993205 0.083423 0.081145 0.000000 -0.083830 0.996479 0.001615 7.472600 -0.080725 -0.008407 0.996701 1.897700 0.000000 0.000000 0.000000 1.000000
0.988384 0.106714 0.108211 0.000000 -0.104582 0.994197 -0.025204 7.472600 -0.110273 0.013594 0.993808 1.897700 0.000000 0.000000 0.000000 1.000000
0.988110 0.109975 0.107442 0.000000 -0.107315 0.993765 -0.030250 7.472600 -0.110099 0.018360 0.993751 1.897700 0.000000 0.000000 0.000000 1.000000
0.990152 0.103323 0.094462 0.000000 -0.102245 0.994627 -0.016189 7.472600 -0.095627 0.006372 0.995397 1.897700 0.000000 0.000000 0.000000 1.000000
0.992734 0.093969 0.075156 -0.000000 -0.095103 0.995399 0.011648 7.472600 -0.073716 -0.018711 0.997104 1.897700 0.000000 0.000000 0.000000 1.000000
0.996163 0.078221 0.039255 0.000000 -0.079881 0.995890 0.042693 7.472600 -0.035754 -0.045665 0.998317 1.897700 0.000000 0.000000 0.000000 1.000000
0.998503 0.048544 -0.025186 0.000000 -0.047033 0.997239 0.057463 7.472600 0.027906 -0.056192 0.998030 1.897700 0.000000 0.000000 0.000000 1.000000
0.993771 0.004481 -0.111353 0.000000 0.000225 0.999108 0.042216 7.472600 0.111443 -0.041978 0.992884 1.897700 0.000000 0.000000 0.000000 1.000000
0.979979 -0.043022 -0.194399 0.000000 0.045054 0.998966 0.006042 7.472600 0.193938 -0.014679 0.980904 1.897700 0.000000 0.000000 0.000000 1.000000
0.964126 -0.078907 -0.253447 -0.000000 0.074420 0.996854 -0.027256 7.472600 0.254801 0.007416 0.966965 1.897700 0.000000 0.000000 0.000000 1.000000
0.953356 -0.097633 -0.285623 0.000000 0.088990 0.995099 -0.043117 7.472600 0.288433 0.015688 0.957372 1.897700 0.000000 0.000000 0.000000 1.000000
0.947921 -0.105963 -0.300361 0.000000 0.097333 0.994297 -0.043597 7.472600 0.303268 0.012091 0.952829 1.897700 0.000000 0.000000 0.000000 1.000000
0.944858 -0.110948 -0.308115 0.000000 0.105557 0.993826 -0.034163 7.472600 0.310003 -0.000245 0.950736 1.897700 0.000000 0.000000 0.000000 1.000000
0.943994 -0.110715 -0.310835 0.000000 0.112016 0.993612 -0.013721 7.472600 0.310368 -0.021867 0.950365 1.897700 0.000000 0.000000 0.000000 1.000000
0.949258 -0.099686 -0.298283 0.000000 0.110151 0.993744 0.018436 7.472600 0.294579 -0.050357 0.954299 1.897700 0.000000 0.000000 0.000000 1.000000
0.963641 -0.076745 -0.255940 -0.000000 0.093033 0.994297 0.052133 7.472600 0.250480 -0.074048 0.965286 1.897700 0.000000 0.000000 0.000000 1.000000
0.982903 -0.044058 -0.178773 -0.000000 0.057355 0.995903 0.069908 7.472600 0.174960 -0.078966 0.981404 1.897700 0.000000 0.000000 0.000000 1.000000
0.996820 -0.002717 -0.079637 0.000000 0.007649 0.998066 0.061695 7.472600 0.079315 -0.062108 0.994913 1.897700 0.000000 0.000000 0.000000 1.000000</float_array><technique_common><accessor source="#Head-Matrix-animation-output-transform-array" count="20" stride="16"><param type="float4x4"/></accessor></technique_common></source><source id="Head-Interpolations"><Name_array id="Head-Interpolations-array" count="20">
 LINEAR LINEAR LINEAR LINEAR LINEAR LINEAR LINEAR LINEAR LINEAR LINEAR LINEAR
LINEAR LINEAR LINEAR LINEAR LINEAR LINEAR LINEAR LINEAR LINEAR</Name_array><technique_common><accessor source="#Head-Interpolations-array" count="20"><param type="name"/></accessor></technique_common></source><sampler id="Head-Matrix-animation-transform"><input semantic="INPUT" source="#Head-Matrix-animation-input"/><input semantic="OUTPUT" source="#Head-Matrix-animation-output-transform"/><input semantic="INTERPOLATION" source="#Head-Interpolations"/></sampler><channel source="#Head-Matrix-animation-transform" target="Head/matrix"/></animation>
    <animation id="LeftShoulder-anim" name="LeftShoulder"><source id="LeftShoulder-Matrix-animation-input"><float_array id="LeftShoulder-Matrix-animation-input-array" count="20">

0.000000 0.033333 0.066667 0.100000 0.133333 0.166667 0.200000 0.233333 0.266667 0.300000 0.333333 0.366667 0.400000 0.433333 0.466667 0.500000
0.533333 0.566667 0.600000 0.633333</float_array><technique_common><accessor source="#LeftShoulder-Matrix-animation-input-array" count="20"><param name="TIME" type="float"/></accessor></technique_common></source><source id="LeftShoulder-Matrix-animation-output-transform"><float_array id="LeftShoulder-Matrix-animation-output-transform-array" count="320">

0.978499 0.205950 0.011122 5.550700 -0.205831 0.978526 -0.010987 13.775400 -0.013146 0.008461 0.999878 -1.926500 0.000000 0.000000 0.000000 1.000000
0.976305 0.208612 0.057530 5.550700 -0.209166 0.977873 0.003723 13.775400 -0.055481 -0.015668 0.998337 -1.926500 0.000000 0.000000 0.000000 1.000000
0.974955 0.204586 0.087221 5.550700 -0.206523 0.978346 0.013698 13.775400 -0.082530 -0.031368 0.996095 -1.926500 0.000000 0.000000 0.000000 1.000000
0.974501 0.198645 0.104341 5.550700 -0.201626 0.979283 0.018732 13.775400 -0.098459 -0.039293 0.994365 -1.926500 0.000000 0.000000 0.000000 1.000000
0.974231 0.196111 0.111421 5.550700 -0.199398 0.979733 0.019052 13.775400 -0.105427 -0.040778 0.993591 -1.926500 0.000000 0.000000 0.000000 1.000000
0.974748 0.196877 0.105384 5.550700 -0.199560 0.979764 0.015452 13.775400 -0.100210 -0.036093 0.994312 -1.926500 0.000000 0.000000 0.000000 1.000000
0.977347 0.196487 0.078654 5.550700 -0.197722 0.980224 0.008153 13.775400 -0.075496 -0.023520 0.996869 -1.926500 0.000000 0.000000 0.000000 1.000000
0.980869 0.190921 0.038015 5.550700 -0.191028 0.981584 -0.000850 13.775400 -0.037477 -0.006428 0.999277 -1.926500 0.000000 0.000000 0.000000 1.000000
0.983252 0.181574 0.015722 5.550700 -0.181508 0.983374 -0.005516 13.775400 -0.016462 0.002570 0.999861 -1.926500 0.000000 0.000000 0.000000 1.000000
0.983938 0.174272 0.038674 5.550700 -0.174367 0.984680 -0.000923 13.775400 -0.038242 -0.005835 0.999251 -1.926500 0.000000 0.000000 0.000000 1.000000
0.980965 0.170703 0.092569 5.550700 -0.172279 0.985005 0.009256 13.775400 -0.089601 -0.025028 0.995663 -1.926500 0.000000 0.000000 0.000000 1.000000
0.976057 0.166940 0.139439 5.550700 -0.171081 0.985089 0.018169 13.775400 -0.134327 -0.041589 0.990064 -1.926500 0.000000 0.000000 0.000000 1.000000
0.974156 0.160991 0.158435 5.550700 -0.166732 0.985721 0.023549 13.775400 -0.152381 -0.049356 0.987089 -1.926500 0.000000 0.000000 0.000000 1.000000
0.975121 0.158224 0.155255 5.550700 -0.164042 0.986128 0.025325 13.775400 -0.149095 -0.050164 0.987550 -1.926500 0.000000 0.000000 0.000000 1.000000
0.975916 0.164677 0.143073 5.550700 -0.169701 0.985214 0.023572 13.775400 -0.137075 -0.047284 0.989431 -1.926500 0.000000 0.000000 0.000000 1.000000
0.975992 0.176872 0.127109 5.550700 -0.180676 0.983360 0.018953 13.775400 -0.121642 -0.041464 0.991708 -1.926500 0.000000 0.000000 0.000000 1.000000
0.976670 0.186716 0.106082 5.550700 -0.189049 0.981891 0.012292 13.775400 -0.101866 -0.032060 0.994281 -1.926500 0.000000 0.000000 0.000000 1.000000
0.977838 0.192641 0.081993 5.550700 -0.193706 0.981046 0.005160 13.775400 -0.079445 -0.020928 0.996620 -1.926500 0.000000 0.000000 0.000000 1.000000
0.978019 0.198591 0.063569 5.550700 -0.199039 0.979991 0.000736 13.775400 -0.062151 -0.013372 0.997977 -1.926500 0.000000 0.000000 0.000000 1.000000
0.976931 0.205260 0.058943 5.550700 -0.205707 0.978612 0.001559 13.775400 -0.057363 -0.013648 0.998260 -1.926500 0.000000 0.000000 0.000000 1.000000</float_array><technique_common><accessor source="#LeftShoulder-Matrix-animation-output-transform-array" count="20" stride="16"><param type="float4x4"/></accessor></technique_common></source><source id="LeftShoulder-Interpolations"><Name_array id="LeftShoulder-Interpolations-array" count="20">
 LINEAR LINEAR LINEAR LINEAR LINEAR LINEAR LINEAR LINEAR LINEAR LINEAR LINEAR
LINEAR LINEAR LINEAR LINEAR LINEAR LINEAR LINEAR LINEAR LINEAR</Name_array><technique_common><accessor source="#LeftShoulder-Interpolations-array" count="20"><param type="name"/></accessor></technique_common></source><sampler id="LeftShoulder-Matrix-animation-transform"><input semantic="INPUT" source="#LeftShoulder-Matrix-animation-input"/><input semantic="OUTPUT" source="#LeftShoulder-Matrix-animation-output-transform"/><input semantic="INTERPOLATION" source="#LeftShoulder-Interpolations"/></sampler><channel source="#LeftShoulder-Matrix-animation-transform" target="LeftShoulder/matrix"/></animation>
    <animation id="LeftArm-anim" name="LeftArm"><source id="LeftArm-Matrix-animation-input"><float_array id="LeftArm-Matrix-animation-input-array" count="20">

0.000000 0.033333 0.066667 0.100000 0.133333 0.166667 0.200000 0.233333 0.266667 0.300000 0.333333 0.366667 0.400000 0.433333 0.466667 0.500000
0.533333 0.566667 0.600000 0.633333</float_array><technique_common><accessor source="#LeftArm-Matrix-animation-input-array" count="20"><param name="TIME" type="float"/></accessor></technique_common></source><source id="LeftArm-Matrix-animation-output-transform"><float_array id="LeftArm-Matrix-animation-output-transform-array" count="320">

0.579766 0.652785 -0.487589 11.839400 -0.789610 0.597747 -0.138617 -3.135400 0.200968 0.465370 0.861999 -0.017100 0.000000 0.000000 0.000000 1.000000
0.522597 0.740966 -0.421736 11.839400 -0.846715 0.508979 -0.154965 -3.135400 0.099831 0.438075 0.893378 -0.017100 0.000000 0.000000 0.000000 1.000000
0.458210 0.818816 -0.345809 11.839400 -0.888804 0.425782 -0.169520 -3.135400 0.008434 0.385032 0.922865 -0.017100 0.000000 0.000000 0.000000 1.000000
0.413819 0.873597 -0.256089 11.839400 -0.909985 0.388883 -0.143865 -3.135400 -0.026092 0.292571 0.955888 -0.017100 0.000000 0.000000 0.000000 1.000000
0.408169 0.900152 -0.152069 11.839400 -0.912680 0.398654 -0.089949 -3.135400 -0.020345 0.175504 0.984268 -0.017100 0.000000 0.000000 0.000000 1.000000
0.426622 0.903801 -0.033717 11.839400 -0.904108 0.425179 -0.042566 -3.135400 -0.024136 0.048643 0.998525 -0.017100 0.000000 0.000000 0.000000 1.000000
0.439025 0.892035 0.107380 11.839400 -0.896648 0.442610 -0.010921 -3.135400 -0.057269 -0.091488 0.994158 -0.017100 0.000000 0.000000 0.000000 1.000000
0.432580 0.865003 0.254251 11.839400 -0.896330 0.443033 0.017736 -3.135400 -0.097300 -0.235565 0.966976 -0.017100 0.000000 0.000000 0.000000 1.000000
0.426605 0.831061 0.356854 11.839400 -0.896736 0.440040 0.047223 -3.135400 -0.117784 -0.340149 0.932966 -0.017100 0.000000 0.000000 0.000000 1.000000
0.447383 0.811451 0.376027 11.839400 -0.887056 0.456173 0.070983 -3.135400 -0.113935 -0.365313 0.923886 -0.017100 0.000000 0.000000 0.000000 1.000000
0.485104 0.812724 0.322729 11.839400 -0.869083 0.488940 0.075055 -3.135400 -0.096797 -0.316888 0.943511 -0.017100 0.000000 0.000000 0.000000 1.000000
0.504697 0.825781 0.251727 11.839400 -0.859231 0.508755 0.053755 -3.135400 -0.083677 -0.243421 0.966304 -0.017100 0.000000 0.000000 0.000000 1.000000
0.491748 0.846431 0.204301 11.839400 -0.867082 0.497492 0.025911 -3.135400 -0.079706 -0.189887 0.978565 -0.017100 0.000000 0.000000 0.000000 1.000000
0.469626 0.868440 0.158943 11.839400 -0.880565 0.473737 0.013363 -3.135400 -0.063692 -0.146235 0.987197 -0.017100 0.000000 0.000000 0.000000 1.000000
0.481430 0.874896 0.052744 11.839400 -0.876476 0.480820 0.024539 -3.135400 -0.003891 -0.058042 0.998307 -0.017100 0.000000 0.000000 0.000000 1.000000
0.534510 0.832358 -0.146559 11.839400 -0.837965 0.544512 0.036355 -3.135400 0.110063 0.103380 0.988534 -0.017100 0.000000 0.000000 0.000000 1.000000
0.582226 0.723009 -0.371848 11.839400 -0.778299 0.627890 0.002219 -3.135400 0.235085 0.288117 0.928291 -0.017100 0.000000 0.000000 0.000000 1.000000
0.601515 0.613289 -0.511914 11.839400 -0.739322 0.670119 -0.065904 -3.135400 0.302625 0.418112 0.856505 -0.017100 0.000000 0.000000 0.000000 1.000000
0.602608 0.588660 -0.538834 11.839400 -0.745477 0.656215 -0.116814 -3.135400 0.284828 0.472081 0.834274 -0.017100 0.000000 0.000000 0.000000 1.000000
0.577996 0.650924 -0.492156 11.839400 -0.792427 0.591737 -0.148009 -3.135400 0.194885 0.475546 0.857832 -0.017100 0.000000 0.000000 0.000000 1.000000</float_array><technique_common><accessor source="#LeftArm-Matrix-animation-output-transform-array" count="20" stride="16"><param type="float4x4"/></accessor></technique_common></source><source id="LeftArm-Interpolations"><Name_array id="LeftArm-Interpolations-array" count="20">
 LINEAR LINEAR LINEAR LINEAR LINEAR LINEAR LINEAR LINEAR LINEAR LINEAR LINEAR
LINEAR LINEAR LINEAR LINEAR LINEAR LINEAR LINEAR LINEAR LINEAR</Name_array><technique_common><accessor source="#LeftArm-Interpolations-array" count="20"><param type="name"/></accessor></technique_common></source><sampler id="LeftArm-Matrix-animation-transform"><input semantic="INPUT" source="#LeftArm-Matrix-animation-input"/><input semantic="OUTPUT" source="#LeftArm-Matrix-animation-output-transform"/><input semantic="INTERPOLATION" source="#LeftArm-Interpolations"/></sampler><channel source="#LeftArm-Matrix-animation-transform" target="LeftArm/matrix"/></animation>
    <animation id="LeftForeArm-anim" name="LeftForeArm"><source id="LeftForeArm-Matrix-animation-input"><float_array id="LeftForeArm-Matrix-animation-input-array" count="20">

0.000000 0.033333 0.066667 0.100000 0.133333 0.166667 0.200000 0.233333 0.266667 0.300000 0.333333 0.366667 0.400000 0.433333 0.466667 0.500000
0.533333 0.566667 0.600000 0.633333</float_array><technique_common><accessor source="#LeftForeArm-Matrix-animation-input-array" count="20"><param name="TIME" type="float"/></accessor></technique_common></source><source id="LeftForeArm-Matrix-animation-output-transform"><float_array id="LeftForeArm-Matrix-animation-output-transform-array" count="320">

-0.391604 -0.020699 -0.919901 29.161200 -0.008313 0.999786 -0.018958 0.594900 0.920096 0.000223 -0.391692 -2.065900 0.000000 0.000000 0.000000 1.000000
-0.275237 -0.020714 -0.961153 29.161200 -0.005957 0.999785 -0.019841 0.594900 0.961358 0.000264 -0.275301 -2.065900 0.000000 0.000000 0.000000 1.000000
-0.081818 -0.020727 -0.996432 29.161200 -0.002029 0.999785 -0.020630 0.594900 0.996645 0.000334 -0.081842 -2.065900 0.000000 0.000000 0.000000 1.000000
0.146565 -0.020723 -0.988984 29.161200 0.002627 0.999785 -0.020560 0.594900 0.989198 0.000415 0.146588 -2.065900 0.000000 0.000000 0.000000 1.000000
0.329543 -0.020708 -0.943913 29.161200 0.006372 0.999785 -0.019709 0.594900 0.944119 0.000481 0.329604 -2.065900 0.000000 0.000000 0.000000 1.000000
0.403269 -0.020698 -0.914847 29.161200 0.007885 0.999786 -0.019144 0.594900 0.915047 0.000507 0.403346 -2.065900 0.000000 0.000000 0.000000 1.000000
0.367110 -0.020703 -0.929947 29.161200 0.007142 0.999786 -0.019439 0.594900 0.930150 0.000494 0.367179 -2.065900 0.000000 0.000000 0.000000 1.000000
0.276074 -0.020714 -0.960913 29.161200 0.005276 0.999785 -0.020036 0.594900 0.961122 0.000462 0.276124 -2.065900 0.000000 0.000000 0.000000 1.000000
0.198852 -0.020722 -0.979810 29.161200 0.003696 0.999785 -0.020394 0.594900 0.980023 0.000434 0.198886 -2.065900 0.000000 0.000000 0.000000 1.000000
0.155851 -0.020724 -0.987563 29.161200 0.002817 0.999785 -0.020536 0.594900 0.987777 0.000419 0.155876 -2.065900 0.000000 0.000000 0.000000 1.000000
0.109214 -0.020727 -0.993802 29.161200 0.001865 0.999785 -0.020647 0.594900 0.994016 0.000402 0.109229 -2.065900 0.000000 0.000000 0.000000 1.000000
0.014302 -0.020736 -0.999683 29.161200 -0.000071 0.999785 -0.020739 0.594900 0.999898 0.000368 0.014298 -2.065900 0.000000 0.000000 0.000000 1.000000
-0.130783 -0.020725 -0.991194 29.161200 -0.003024 0.999785 -0.020506 0.594900 0.991406 0.000316 -0.130818 -2.065900 0.000000 0.000000 0.000000 1.000000
-0.283983 -0.020713 -0.958605 29.161200 -0.006134 0.999785 -0.019786 0.594900 0.958810 0.000261 -0.284050 -2.065900 0.000000 0.000000 0.000000 1.000000
-0.405354 -0.020697 -0.913925 29.161200 -0.008590 0.999786 -0.018831 0.594900 0.914119 0.000218 -0.405445 -2.065900 0.000000 0.000000 0.000000 1.000000
-0.488298 -0.020682 -0.872432 29.161200 -0.010265 0.999786 -0.017955 0.594900 0.872617 0.000188 -0.488406 -2.065900 0.000000 0.000000 0.000000 1.000000
